CPMG train data
Estimated phase correction: -2.057722 rad
time in s	real part	imag part	abs value
6.7e-05	0.010622561577479412	-0.000500106826839711	0.010634327496630597
0.000127	0.006889477085817483	0.00016197540964662366	0.0068913808884239125
0.000187	0.0053282529765421895	-5.419739276091317e-05	0.0053285286092328325
0.000247	0.005006808459978544	-0.00014432131591645905	0.005008888059953085
0.000307	0.003298209868219557	0.0002798120846922742	0.003310057875258483
0.000367	0.0028931268530399757	-0.00017828810342510436	0.002898615123745116
0.000427	0.002354864156583727	-0.0003374805568465579	0.002378923773939016
0.000487	0.001999426556332643	-0.00019797443021950202	0.00200920392921897
0.000547	0.0014862656645963377	-0.00025453478589858574	0.0015079037048135507
0.000607	0.0009732093685353629	-0.0002519218683023956	0.001005286577416594
0.000667	0.0016845956737083715	-0.0003310629415041866	0.0017168183523932773
0.000727	0.001017420800140993	-0.0004617520365765496	0.0011173003301897524
0.000787	0.000511326533233064	-0.00012498684479345242	0.0005263805989581743
0.000847	0.0008216389399701555	-8.549061451207076e-05	0.0008260745685741283
0.000907	0.0007890155974451792	-0.0003370330421760433	0.00085798419829867
0.000967	0.0002828364105428266	-0.0002299038431192401	0.00036448897405785336
0.001027	0.00026834165135496753	0.0001316052398452026	0.00029887653137478733
0.001087	0.0005009062458462229	0.0002882114625679697	0.0005779038970999633
0.001147	0.0003509597249033116	-0.0003270931487806085	0.0004797527034665062
0.001207	0.0001774619950207295	0.00010409195682062889	0.00020573744226923084
0.001267	-6.147773597544497e-06	9.820265662880618e-05	9.839490276006109e-05
0.001327	0.00021193889688600557	-0.00013086987593224865	0.0002490883787730352
0.001387	-0.00011560275257163085	-6.181780835259774e-05	0.00013109324098387455
0.001447	6.21604041851839e-05	0.00015684268466003881	0.00016871142101183845
0.001507	0.0001927733359606981	0.00029429726777291306	0.000351813076613161
0.001567	0.00047211309203700277	-0.0001588976187129915	0.0004981357494753801
0.001627	-9.187026856943213e-05	-7.424335669192593e-05	0.00011811952531188115
0.001687	0.00048120356922914806	3.40356178190252e-05	0.00048240574034643725
0.001747	0.00022872120296053565	-3.9888069708079324e-05	0.00023217331196490079
0.001807	0.0007582460807870009	-0.0002536755583971934	0.0007995551312804983
0.001867	0.00018690158198414908	1.166393470673508e-05	0.0001872651828851818
0.001927	0.00016603355884881559	-0.00013254704862772061	0.00021245202461714138
0.001987	-0.0001132119015970184	-0.00032210365088044016	0.00034142011741214294
0.002047	5.724462182078785e-05	-0.00015501483559665445	0.00016524692427534872
0.002107	1.674949184014439e-06	-0.0003372952967734028	0.0003372994554994522
0.002167	0.0002290058131296019	-0.0002516473718776463	0.0003402499995886504
0.002227	-4.6384102813056844e-05	-3.692986494056321e-05	5.928996473519332e-05
0.002287	-0.00011933943074833902	0.00016397467616946374	0.00020280432479663274
0.002347	0.0004398957905134955	-4.433515674454577e-05	0.0004421243180770049
0.002407	0.00022087956816212363	9.248685691565343e-05	0.00023946106642546878
0.002467	6.143938868143442e-05	-0.00019169780620265244	0.00020130287475457985
0.002527	-0.00011663203495155714	0.00016162556496377247	0.00019931345871967575
0.002587	0.0005557463705351052	-9.90929205955641e-05	0.0005645116785993902
0.002647	0.00037558815880747503	0.0002047144423275352	0.00042775514951180055
0.002707	-0.0003121118009170766	3.689346035438177e-05	0.00031428474937327325
0.002767	0.00040885524718354454	-0.000305754963367949	0.0005105376683200302
0.002827	3.133004527368328e-05	0.00015283669935889143	0.00015601483393501788
0.002887	-0.00013872141811087577	0.00016684562233750764	0.0002169817815759716
0.002947	0.0004940355017304121	-1.2701840760725091e-05	0.0004941987593354831
0.003007	5.646966645912315e-05	2.8849117814371317e-05	6.341210317180858e-05
0.003067	0.0002480270758235902	-0.000142662922852861	0.0002861295858497026
0.003127	0.00010967131999213911	-5.449390595039578e-05	0.00012246380777416956
0.003187	0.0002771788362142906	-0.00014327118383249482	0.000312017210041166
0.003247	0.0003713096808919321	1.8642515954105966e-06	0.0003713143608293105
0.003307	0.00021890982389867562	-0.00034865313661411286	0.00041168011935264543
0.003367	-2.2191837763087016e-05	-9.941360818841211e-05	0.00010186041015204237
0.003427	0.00015035354432426176	-9.462681337657827e-06	0.00015065102266153326
0.003487	0.00025555599060318984	-0.00024888871589909224	0.00035672742708555045
0.003547	0.00021973596540520623	-0.0003489521323519681	0.0004123729927693416
0.003607	0.00038422535050943807	0.0004293783600446624	0.0005761899826001353
0.003667	0.00015843476258324923	0.0002504816264256311	0.00029638255544420954
0.003727	-0.00015868999226862813	-0.00015796810662176508	0.00022391167087912724
0.003787	3.645406400748692e-05	0.00022768919645707304	0.00023058896106693737
0.003847	0.0001935663386432513	-9.57510193836578e-05	0.00021595412746405995
0.003907	0.00019582923598402617	8.915350737719282e-05	0.00021516839345903614
0.003967	0.0004324189345624815	-3.4929503930093526e-05	0.000433827391035829
0.004027	-4.354957607025794e-05	-0.0002568419124509104	0.00026050783782324155
0.004087	0.000391788778830903	6.323296233489556e-05	0.0003968587339891319
0.004147	0.00010093183923197825	2.10416186113334e-05	0.00010310182289627432
0.004207	0.0003472195448013977	-0.0002575262727804032	0.0004322975751311317
0.004267	-0.00018967553684569685	0.00014284758738172468	0.0002374494525124932
0.004327	0.00011304224944417787	6.328991518255911e-05	0.0001295537090291716
0.004387	-0.00031321915422950763	-7.582359871511707e-05	0.00032226612713463884
0.004447	0.00026513214659398864	0.00039256495639811037	0.0004737111990964395
0.004507	0.00012082876219915072	-0.00016963760800868608	0.0002082702759048625
0.004567	3.06418942664682e-05	0.00017282866069519783	0.00017552399164197821
0.004627	-5.107802574080562e-05	1.5266087852957608e-05	5.331058198812522e-05
0.004687	0.00021680371479725332	5.7848833678872456e-08	0.00021680372251503506
0.004747	0.00038626518276886347	-8.237572178986884e-05	0.0003949513273301729
0.004807	0.0003262839024633761	0.00011204412356425141	0.00034498560931147716
0.004867	-0.0002948114502793307	-6.77358004540264e-05	0.00030249285921976735
0.004927	0.0001242854382090914	-7.049400222822076e-05	0.0001428855293617176
0.004987	-0.00013304513658509535	-0.00018718912227352452	0.000229653599724627
0.005047	-1.817014595453887e-05	-0.0002864659389830925	0.00028704161440716943
0.005107	-6.979245346280005e-05	0.00011368883137510041	0.00013340216242547617
0.005167	0.00028866304552126155	-0.00010515759883325694	0.0003072205631821967
0.005227	-8.812887329075173e-05	-0.000404318128626703	0.00041381136698222357
0.005287	-0.0002251626459342212	-0.00028300657566834446	0.0003616502993163725
0.005347	0.0002577524891569857	9.131229338467828e-05	0.0002734488628423815
0.005407	2.6172431317367143e-05	-9.25400859726583e-05	9.616997282358611e-05
0.005467	-0.00014725731648404722	0.0002211830759174217	0.0002657191568750262
0.005527	0.00011671735517751758	-0.00029193396154574984	0.0003144016203893201
0.005587	8.646825665441286e-06	0.00011375093347639788	0.00011407910615375819
0.005647	0.0002792583258471199	0.0003245962967191406	0.00042819150902220906
0.005707	0.0003668481602029212	0.00011184383952358404	0.00038351873107274093
0.005767	0.0003680687610442314	2.7395831563632018e-05	0.0003690869063563464
0.005827	-9.398641195272327e-05	-0.0002055756638279035	0.00022604158730204978
0.005887	-6.452885593428766e-05	0.00015972314488841476	0.00017226565607001757
0.005947	2.6096096466711574e-05	6.912334052378591e-05	7.388533315866674e-05
0.006007	4.686555023501362e-05	-0.0002049962127185079	0.00021028510890636626
0.006067	-0.00011821348420292057	-0.000346965815580086	0.0003665510947037922
0.006127	7.027515432549787e-05	-7.491518345880348e-05	0.00010271748647693209
0.006187	9.06886531878461e-05	0.0001803475021496537	0.00020186543376379416
0.006247	-0.0001075358562786155	0.00010283872196113749	0.00014879436521647986
0.006307	0.00015596454286592384	-9.689422239014548e-05	0.00018361216997783009
0.006367	-1.245522027602469e-05	-0.0003327838914334956	0.0003330168928293952
0.006427	9.743083995361566e-05	-0.00023317207753428511	0.0002527092921040335
0.006487	1.3389842121576584e-06	-2.1485660319029946e-05	2.1527342568583457e-05
0.006547	0.0005718560589456202	4.864942648764129e-05	0.0005739217009753099
0.006607	0.000152376430956129	-0.00025798470004431093	0.00029962423494751063
0.006667	0.00045161112942437626	-0.00019101655245799554	0.0004903467503031899
0.006727	-1.172998251588279e-05	-0.00035227767485525893	0.00035247291057789173
0.006787	9.453238618707384e-05	-6.60516350845471e-05	0.00011532211641989684
0.006847	0.00015710408959749057	-0.00019737282115147846	0.00025226518883419063
0.006907	4.702533447362008e-05	3.272971210924329e-05	5.729411956832732e-05
0.006967	0.0001482263943350535	9.562647865683293e-05	0.00017639582590831478
0.007027	0.0001523877057909248	-1.7421927147080133e-06	0.00015239766439049073
0.007087	0.0004503811064930539	-0.0002825540577320553	0.0005316765338311981
0.007147	0.0001802392571395363	-0.00019932306273654578	0.0002687301121067173
0.007207	-3.628399806777389e-05	-0.00031690983456001906	0.00031898020590099456
0.007267	-0.00011954747368878382	0.00012984872934207822	0.00017650011608246252
0.007327	-3.283963905807859e-05	0.0002635921809980551	0.0002656299677686543
0.007387	8.418960167589916e-05	0.0001978592522335197	0.00021502598151096564
0.007447	-0.0003350791493065244	0.00015290280429572186	0.00036831685253525923
0.007507	0.0003979502937712733	0.00012118507021681297	0.0004159930979668973
0.007567	0.0006351083471519848	-0.00020379026613128668	0.0006670030623557786
0.007627	0.00021922172059940913	0.00021758449390594405	0.00030887080595432
0.007687	0.00048678303157204274	1.1275234660882973e-06	0.00048678433739761487
0.007747	7.57002264004515e-05	0.00033612995715611766	0.00034454879534668686
0.007807	-0.000364186934272986	-0.00010696066914448267	0.0003795691081199729
0.007867	0.00013957438430691832	0.00029923457675236977	0.00033018531263341377
0.007927	0.00024156275814967297	0.0002311106058604887	0.0003343122466588377
0.007987	3.719272540589784e-05	-8.9198911327096e-05	9.664235409517742e-05
0.008047	9.011704474803372e-05	0.00011011479574679011	0.00014228966932450303
0.008107	0.00026421483545238227	0.00015540547082039418	0.0003065295085861031
0.008167	0.0004552873496503204	-0.0001234217238179156	0.00047171971833049226
0.008227	8.501597588348597e-05	0.0003881211141631384	0.00039732318761262524
0.008287	5.664415057816396e-05	-7.321126404670106e-05	9.256591693510898e-05
0.008347	9.336027251080436e-05	0.00013891587393211272	0.0001673731176551787
0.008407	2.3165554947105724e-05	0.00038978472263541175	0.0003904724995898843
0.008467	-0.0001287682981809764	-0.0002088612684128729	0.00024536565378931706
0.008527	0.00012633140088223315	0.00025290319395082503	0.00028270063381498833
0.008587	-0.00011075091374902677	-0.00023306085306485595	0.00025803706347647567
0.008647	4.429189994246133e-06	0.000409361449240432	0.0004093854099112863
0.008707	0.00038744843867193686	-0.0003394731476243041	0.0005151294114950865
0.008767	9.98289308526198e-06	0.0003382842674730474	0.00033843153483995557
0.008827	8.830389434715479e-05	-0.00021588615140569737	0.00023324752544375934
0.008887	5.003614208194955e-05	-6.932552928122772e-05	8.549645913467648e-05
0.008947	0.000252219018732216	-8.594737717955739e-05	0.0002664608508848664
0.009007	0.0003237533598995363	-0.0002275943458139085	0.00039574666681186293
0.009067	-5.3580175404721874e-05	0.00029722837093473277	0.00030201910483430654
0.009127	-0.00025087737794244594	-0.0002961995835726197	0.00038816704145492594
0.009187	0.0002159227468744489	-2.9407494571104243e-05	0.00021791611540856006
0.009247	0.0002887821452552092	-9.253624696415415e-05	0.00030324591410340826
0.009307	-2.9390802617788056e-05	-7.601755636033636e-05	8.150146105141117e-05
0.009367	5.464588472856686e-05	6.120442329665446e-05	8.204970535500951e-05
0.009427	2.4358860253484305e-05	3.1612601535590377e-05	3.9908779093036516e-05
0.009487	0.0001932915660945087	0.00014456179644713093	0.00024137055022369555
0.009547	9.668439558054838e-05	0.00015303248356503529	0.00018101605833422283
0.009607	-4.9636297710394135e-05	-4.523043182284113e-05	6.71532129780516e-05
0.009667	-5.54246533515059e-05	-6.589226784105073e-05	8.61027476935049e-05
0.009727	8.687007320842785e-06	-4.9528713457207366e-05	5.028476462029558e-05
0.009787	-0.00016309162850541639	0.0003753013243387588	0.0004092065045169431
0.009847	0.0002128198929918975	-0.00034132671148145836	0.00040223902200536117
0.009907	-0.00040158669117228347	-0.00019243824977296784	0.00044531376635175573
0.009967	9.679429863573209e-05	0.00020097451024500538	0.00022306924937472457
0.010027	7.007692123780858e-05	-1.905286944273724e-05	7.26208422160747e-05
0.010087	0.00048157993301900493	-0.00015937406101881093	0.0005072665208864241
0.010147	0.00017131825664952805	0.00025025757586096556	0.00030328006749082685
0.010207	-3.4021000239967475e-05	-0.0005269064496001765	0.0005280036316992443
0.010267	0.00016991613002244126	-0.0002795271869093404	0.0003271191517830353
0.010327	0.00012173903178042819	0.00010828312787905208	0.00016292828987658114
0.010387	-7.667078248359103e-05	0.00022973492013899204	0.00024219112786787872
0.010447	6.648054488927624e-05	-0.0001993641632116742	0.00021015644749059246
0.010507	-0.0003561054761332265	8.546748751605574e-05	0.00036621824306604263
0.010567	-6.775163428034138e-05	0.00012679086986764514	0.00014375746460428153
0.010627	-3.517978415174262e-05	7.00620490435618e-05	7.839839238878346e-05
0.010687	0.00014972172914154262	-8.818956729282124e-05	0.00017376419641695033
0.010747	7.80871279080616e-06	0.00016620323294231718	0.0001663865698784834
0.010807	-0.00012933079760704122	0.00010472674637800114	0.00016641558405568763
0.010867	-0.0002098530283372826	-8.040686973513134e-06	0.00021000701452412098
0.010927	-1.7497809833396793e-05	6.13648353454815e-05	6.381078565527753e-05
0.010987	-0.00032398728644946113	-0.00045116943019748746	0.0005554472220883012
0.011047	-3.723100415380969e-05	0.00023177059952555785	0.00023474189756994278
0.011107	-0.00012295945242162925	-0.00025205480607019094	0.00028044723604077196
0.011167	0.00012716245797741408	-0.00042241679120867486	0.00044114196832073326
0.011227	0.00014949518753954618	0.000555795859822679	0.0005755500403036343
0.011287	-1.3690230412913534e-05	0.00034382848831731206	0.00034410093255806014
0.011347	-0.00016562156955283045	-0.0002443809806771586	0.00029521613780054913
0.011407	0.0004355613350356227	0.0005043447470102363	0.0006663912517544279
0.011467	0.00016604042852342923	-0.000127650002838347	0.00020943721524331344
0.011527	0.00023785543818561212	-0.00020412386616329653	0.0003134354195235774
0.011587	-0.00012407606090434432	-0.00029576286615762813	0.0003207343790230689
0.011647	0.00010759105370653529	-6.094706770365498e-05	0.00012365427570187965
0.011707	0.0004500658597989956	-0.0001389707981581913	0.00047103307834730026
0.011767	0.0002681364322387409	-0.00029926600067715274	0.0004018174777868908
0.011827	9.475907887743648e-05	-3.28535421435917e-05	0.00010029276275525061
0.011887	0.0001444851598972742	-0.0005283611692109226	0.0005477604280709534
0.011947	1.716389765367586e-05	-8.561928453559167e-05	8.732274198084062e-05
0.012007	-0.0005260630743489623	1.194686370059036e-05	0.0005261987131737993
0.012067	0.0005058584663133138	0.00033130042393230146	0.0006046922844212424
0.012127	-0.0001045122441553743	-0.0001008334922757212	0.00014522466162091924
0.012187	-0.0002211632693791953	-2.25756497164859e-05	0.0002223125090556444
0.012247	3.346582407698313e-06	4.258935638708012e-05	4.2720637767678964e-05
0.012307	0.0002013283426947056	-5.979414703675928e-05	0.00021002009806694787
0.012367	0.0003962892465614341	-8.391440730117774e-06	0.00039637808115201856
0.012427	-0.00019799167229745903	-1.6591377417623664e-05	0.00019868562128085273
0.012487	0.00014999837049190482	-9.71455529903908e-05	0.0001787086165131261
0.012547	-0.0001852356380974014	0.00033107234315697253	0.00037936939521368833
0.012607	5.492428555740047e-05	0.00021022390618072776	0.00021728038998923557
0.012667	-0.00019406111786095985	0.00026304640351238953	0.00032688396697643066
0.012727	-0.0003581124984795633	-0.0002181495768047698	0.00041932540994718575
0.012787	0.0001552194661144833	-0.00014445442312643555	0.0002120381169074478
0.012847	0.00029998568181309866	6.012465879565793e-05	0.0003059516038332925
0.012907	6.0258187606941787e-05	-0.00044727081387972223	0.0004513116773608927
0.012967	-0.0002576439577217015	0.0002524604410396975	0.00036071690179482926
0.013027	-0.00019031591398501176	-0.0003721297216627169	0.0004179721005769662
0.013087	0.0003180909187602653	-0.00021276625866843653	0.0003826895784124696
0.013147	-7.667097101381267e-05	-0.00034608561738239753	0.00035447664571189476
0.013207	4.058757024209711e-05	-0.00019277438223980203	0.00019700079519152828
0.013267	0.0002874117960730012	5.920780328949474e-05	0.00029344693641657926
0.013327	2.2100528851651628e-05	0.00017297570844053252	0.00017438184849928275
0.013387	-0.0003386419120584203	0.00030718226080290274	0.00045720814292241714
0.013447	-7.693653063859616e-05	6.040121531467063e-05	9.781378511331032e-05
0.013507	0.0003452417971555071	-0.00011838197435654002	0.0003649742324544526
0.013567	0.000103364931337026	6.475351684630803e-05	0.00012197264846789709
0.013627	-9.643111872243921e-05	9.259543200155945e-06	9.687466024888408e-05
0.013687	0.00025868701234029823	-0.00015930750537706856	0.0003038056148641995
0.013747	-4.416579579634274e-05	0.0001846886465179637	0.0001898960601775655
0.013807	-6.771241594203834e-05	-0.00034401956141001026	0.00035062006489281736
0.013867	-0.00018210463569984605	-0.0005351739043412082	0.0005653080631223883
0.013927	0.00023626277799693431	-8.07236813199803e-06	0.00023640064169559095
0.013987	0.00037473509262127367	-0.0003434348669000939	0.0005083049256544341
0.014047	-5.709749363105439e-05	2.5459011184477296e-05	6.251627811570069e-05
0.014107	0.0004441419409175593	2.1983646040488415e-05	0.00044468566918133334
0.014167	0.00010273482626184847	-0.0002766250538121933	0.0002950861991412866
0.014227	3.955166900673646e-05	0.00010960551498622872	0.00011652340295672301
0.014287	0.00022014223397488246	-4.187451899915481e-05	0.00022408944312676238
0.014347	0.00021785200614994767	0.00011500842044419126	0.00024634616570311116
0.014407	0.00012261349593599825	-0.00012110466381298209	0.00017233806597180575
0.014467	-0.000230753242177152	0.00020144634869086477	0.00030631305910154864
0.014527	8.90640988912531e-05	0.0001485755130810645	0.0001732255662383947
0.014587	0.00030045028056709783	-0.000403021162095662	0.000502689196412441
0.014647	0.00029411237348501144	0.00010280872700412159	0.00031156335244247657
0.014707	5.891944378861761e-06	0.0001673259364227048	0.00016742963897798576
0.014767	-4.350166123546733e-05	0.00023182927223830126	0.0002358754035434508
0.014827	-0.00020765344074333972	-3.628835326232563e-05	0.0002108003701017601
0.014887	0.0003340330627683314	0.00010085874851692665	0.00034892774921864943
0.014947	0.0004498466997220334	0.00013771312944576831	0.00047045399272676203
0.015007	0.00013558505387598158	8.993641307155735e-05	0.0001627017677553954
0.015067	-3.815368639136624e-05	-0.00020110252552517596	0.00020468983745622248
0.015127	-0.0005539694184376591	0.00037251932666963446	0.0006675722921950521
0.015187	-0.0002933087431959421	4.8286662022965885e-05	0.0002972568259342471
0.015247	-0.0002275004090209824	-6.719944728636533e-05	0.00023721762544192892
0.015307	-0.00010865461341376265	0.00020254528324142624	0.00022984868235307286
0.015367	9.543536298177335e-06	0.00023371928147898388	0.00023391404750490536
0.015427	0.00010999630153272839	-0.00010008422993397227	0.00014871462413749073
0.015487	-0.00035429159557961954	-7.080708169008047e-06	0.00035436234439698494
0.015547	0.00017704078686542492	-0.00018271080179190359	0.000254414381089924
0.015607	0.00027210350277555686	6.936375940200709e-05	0.0002808053549010542
0.015667	-0.00017003283163040728	-0.0002377801216511029	0.0002923192605434471
0.015727	-5.953330472863216e-05	0.00027118724153507047	0.0002776449789629066
0.015787	-0.000149943232915297	-6.046084417136641e-06	0.00015006507999488139
0.015847	0.0003235608774309673	-0.0004348779267636284	0.000542042851248985
0.015907	0.0004526618155829891	0.00018287094757736533	0.00048820538992798055
0.015967	0.00036261199951426605	-2.887885727593682e-05	0.00036376015530744705
0.016027	0.00016067293725551132	4.8694998907368244e-05	0.00016788983198783085
0.016087	0.00018113327181766152	-0.00027295297211728584	0.00032758599961999396
0.016147	0.00022161836563599992	1.8297032519294296e-05	0.0002223723934893535
0.016207	0.00019229242814625336	-0.00015079938237324867	0.00024437027570172127
0.016267	0.0002952954976553784	-0.000437977873444621	0.0005282272698021279
0.016327	0.00023461489671039868	-0.0001867727879116969	0.0002998803495775253
0.016387	-4.1495604757468294e-05	-0.0003292809462093856	0.0003318852614243909
0.016447	0.00033661992235520157	-9.36699869268422e-06	0.00033675022314904365
0.016507	5.438895283291686e-05	-0.00021605254207697922	0.00022279331033086728
0.016567	4.2895491715042315e-05	-0.00019571454046578475	0.00020036018706122373
0.016627	-9.342526356899825e-06	-0.00017567379486360083	0.0001759220423952265
0.016687	-0.0001893260188481829	3.327140986421888e-05	0.00019222728247378246
0.016747	6.889937017625741e-05	8.794396818864237e-05	0.00011171958087752519
0.016807	0.0004094893679021435	-4.488702719143901e-05	0.0004119422139511585
0.016867	0.00021640284330351947	0.0004218951008117595	0.0004741578499601291
0.016927	-0.0001320086388134035	0.00037582147253697085	0.00039833159545939206
0.016987	6.603324483019524e-05	-4.3900504299320195e-05	7.929466375828286e-05
0.017047	-0.00019872988601806984	-4.125361068619559e-05	0.00020296656865455263
0.017107	0.00016932103493239584	0.0001023766962850531	0.00019786510761834593
0.017167	9.666155314758973e-05	-0.00044009927542105917	0.00045058942295957816
0.017227	-4.1384952733670794e-05	-9.890467435943022e-05	0.00010721403323685337
0.017287	0.0004975287972305586	7.5682803127442275e-06	0.0004975863572693473
0.017347	-1.8541169522737933e-05	4.0817978408826436e-05	4.4831711194804144e-05
0.017407	0.0004273418057729678	-0.00010344820075212973	0.0004396846019593521
0.017467	-0.00015166068867293752	0.0002639756020196888	0.0003044406066056347
0.017527	-0.0002968635263684059	0.00028183018026781413	0.0004093362967019586
0.017587	-0.0001850991608184242	0.00017153781223177756	0.00025236267624383253
0.017647	6.096227901209735e-06	-0.00011628800652047167	0.00011644768978012724
0.017707	-0.00010188839407897167	-0.00027133348214530606	0.0002898328887153578
0.017767	-3.80160643011337e-05	5.633631125225315e-06	3.8431223563699344e-05
0.017827	-4.940328355140977e-05	0.00023611207927094372	0.0002412252026702629
0.017887	-9.900944454443516e-05	0.00028240709487668234	0.000299260149945971
0.017947	-0.00011583345608862615	-0.00015479722705701474	0.00019333797106098083
0.018007	-9.47061320396716e-05	-0.00047692144465096784	0.0004862338077652375
0.018067	-4.19351756745939e-05	0.00013944378652504588	0.0001456129409060253
0.018127	0.0005579809217137965	-1.8374053096413751e-06	0.0005579839469508507
0.018187	-6.098066099486648e-05	0.0003449201538851441	0.0003502692586732703
0.018247	0.00011047449709604343	0.00030794546340938466	0.0003271620744264903
0.018307	0.00012168052828828111	-0.00018231281647340414	0.00021918967588593292
0.018367	-8.435678879787443e-05	-0.00016090299737034868	0.00018167510115327202
0.018427	-0.00024912371331403476	0.0001255716144444261	0.000278981818206049
0.018487	-0.00013924514417431382	-5.4161934031378214e-05	0.00014940791570109264
0.018547	0.0001944325242775519	0.00036091878083298237	0.00040995898923539556
0.018607	5.974857141598153e-05	-0.0002084456830749265	0.000216839790118934
0.018667	0.0002056081152955717	-2.728036982312184e-05	0.00020741001820809768
0.018727	0.000321463390567236	1.4207591342899122e-05	0.0003217772010673692
0.018787	0.00022583039539363412	-4.4183447510642035e-05	0.00023011202601683117
0.018847	-3.3946828147698695e-06	0.00023503499450620437	0.0002350595084525287
0.018907	0.0004339771134102074	-0.0002668957853920621	0.0005094796318047481
0.018967	-0.00012621357338688888	4.8669681428272225e-05	0.0001352723327122627
0.019027	-0.00014523919141041835	-0.00027631062471929766	0.00031215698623340257
0.019087	0.00017945534877747383	4.6356539766460716e-05	0.00018534603039710407
0.019147	0.00012813552790312343	9.331232000170897e-05	0.00015851152190018698
0.019207	0.00012997691948883004	-0.00034354266287236085	0.00036730853626513825
0.019267	0.00020064281750753758	-4.16881786411855e-06	0.00020068612124346622
0.019327	-0.00025579187670023227	0.0002500397153944667	0.0003577000747279385
0.019387	4.257730247607321e-05	-5.202449194771917e-05	6.722629283663741e-05
0.019447	-0.00017616380832756592	0.00023897972586760485	0.00029689223085191526
0.019507	8.748547767898168e-05	0.0003394205130902675	0.00035051389916974766
0.019567	-0.0002604156829732277	0.0002269147866240168	0.00034540794479431954
0.019627	-3.5140796914762715e-05	-0.00020399745278583262	0.00020700202016142886
0.019687	-5.836970652364613e-06	0.0002879029952984525	0.0002879621588476815
0.019747	-3.8423973614270024e-05	0.000223195533790118	0.00022647880265527242
0.019807	-4.957325499606433e-05	-0.0003177246903129544	0.0003215687896008684
0.019867	0.00027705770767763236	-0.00012898212471728108	0.00030560981967235384
0.019927	-0.0003399680289090678	0.00014589980594567538	0.0003699527186753768
0.019987	-0.00039145509574464276	1.661338911662538e-06	0.00039145862109733493
0.020047	-8.905440143883769e-05	0.0001763386761578092	0.0001975500319532203
0.020107	0.00032380480950107936	4.623662464886617e-05	0.00032708925404994647
0.020167	9.651161389559405e-05	-8.644247291657672e-06	9.689795987517773e-05
0.020227	0.0003267803968200169	0.00020760430786279693	0.00038714981129924197
0.020287	0.0005541953024606939	0.0001758739220226632	0.0005814327731708403
0.020347	0.00026652483212691997	5.884750115000446e-05	0.0002729441600985129
0.020407	-0.00012291644621950635	-0.00015345138572449047	0.0001966107335116757
0.020467	0.00010827716573095189	0.0002493804153423971	0.00027187227915893614
0.020527	0.00015558055587708253	-8.727594506033378e-05	0.0001783883402949767
0.020587	-0.0001845645649721189	0.00022822760710232724	0.00029351647191767916
0.020647	0.0005582563542079838	-6.930635781620767e-06	0.0005582993737466731
0.020707	2.2170487779700704e-05	9.940748462584762e-05	0.00010184978413343835
0.020767	4.303372408343919e-05	-0.00020580254013047945	0.00021025362525447017
0.020827	-2.8687218990198606e-05	5.1291693462020846e-05	5.8768991412083326e-05
0.020887	7.059385646945586e-05	-6.848997355168698e-05	9.835837050470547e-05
0.020947	0.00023860346765317846	-8.51207114904337e-05	0.00025333209488882184
0.021007	0.0006664807198789363	-0.00024271527769019355	0.0007093005399649524
0.021067	-4.510596352976225e-05	-4.938719066071228e-05	6.688529395394618e-05
0.021127	0.00019304063441209746	-0.00026639128550099567	0.00032898176777003624
0.021187	4.495556724220899e-06	0.00029091301964932976	0.0002909477530962424
0.021247	-2.4681010641391986e-06	0.00036026295228580563	0.00036027140645983476
0.021307	-3.278177330472673e-06	-0.0002352233863393913	0.00023524622829618452
0.021367	0.0002022983550425715	0.00043225400325578266	0.0004772506131830325
0.021427	-0.00021348797940343387	-0.00023364342804277195	0.00031649070889575725
0.021487	-0.0002114082287144662	0.0002814193915422395	0.000351980557849709
0.021547	3.0461689174092244e-05	0.0002770036977866118	0.00027867357803493964
0.021607	0.000233461511399608	1.674000107869729e-05	0.0002340609000689865
0.021667	0.00014291921863810567	-1.7492318981452662e-05	0.00014398570859455303
0.021727	0.00026371266843358034	-0.00018449065691864203	0.0003218402926649048
0.021787	0.00026735912159909543	-0.00019416316706143998	0.00033042432620127796
0.021847	0.00022614905905558869	-0.0002088710400833203	0.000307848190342604
0.021907	0.00041964943189471825	-0.00020689419255480972	0.0004678791004121326
0.021967	6.648079668664659e-05	-0.00029072802059722507	0.00029823225561376117
0.022027	-7.926427264541832e-05	-0.0004341287921332588	0.0004413056005503323
0.022087	-0.00015483418474564398	0.0003441803813053737	0.0003774039740667295
0.022147	-0.0001429807954879778	0.0003296881983288934	0.0003593575044377489
0.022207	-0.0001079871733339814	8.108244663207382e-05	0.00013503922673248112
0.022267	3.8658106997295716e-05	5.4259729032083024e-05	6.662257448680168e-05
0.022327	-0.00013490535210032808	0.00012202616587632342	0.00018190612739484477
0.022387	0.00019269011300837753	1.667496709399684e-05	0.00019341027423269732
0.022447	0.00029591066990403825	-0.0003368164344113624	0.0004483396425174114
0.022507	0.00024916434898385225	-8.860512827613366e-06	0.00024932184319091503
0.022567	0.0003166568598218179	0.0002644335212378472	0.0004125489716705902
0.022627	2.4101659949488556e-05	0.00024071891153640206	0.0002419224759785476
0.022687	0.00017075148510808637	2.4815957138886634e-05	0.00017254536039933412
0.022747	-0.00021577864499758938	-0.0001552565454726971	0.0002658289272240915
0.022807	0.00016721544538353346	2.7340832833804083e-05	0.00016943590621488553
0.022867	0.00040355030548717204	7.408467254901776e-05	0.0004102942697205081
0.022927	-6.531802698704502e-05	-0.00031085533311926434	0.00031764364117383044
0.022987	-4.194323882844236e-05	0.0002001235240807884	0.00020447166105339303
0.023047	-6.940075451109608e-05	0.0001481057850416861	0.00016355973920718862
0.023107	0.00021080192851061393	-0.00011530551775030588	0.0002402765396110492
0.023167	-0.00015454492166164637	-0.00019105102273997123	0.0002457328348051872
0.023227	-0.00014597162740462885	-0.00032033734111303546	0.0003520280217802626
0.023287	0.00015331916770694774	0.00016327742400627004	0.0002239783122904413
0.023347	-8.555681642585184e-05	-0.00028957858045275034	0.00030195318030111376
0.023407	9.200897206543714e-05	0.00016925015291473683	0.0001926428436309021
0.023467	-0.00036401050949911814	-0.0001584628722679764	0.00039700646457359426
0.023527	0.0007509810685902066	-0.00016521418823056154	0.0007689397202470243
0.023587	0.0002389962674534544	-0.0003308343718414068	0.000408130613221284
0.023647	1.775434318422646e-05	-0.00015105706161498328	0.0001520968525830043
0.023707	-0.00020710549838478742	-9.034744675408542e-05	0.0002259543064342733
0.023767	-0.0001303372797095085	7.486657098815676e-05	0.0001503090480762864
0.023827	0.0001361320122248346	-8.553687480324212e-06	0.00013640047771871467
0.023887	0.0003281733242294197	0.00020904132008733018	0.000389096394534364
0.023947	3.986553594622697e-05	-1.8441588728371062e-05	4.3924402683545934e-05
0.024007	0.00017029691382196567	4.113973954578896e-05	0.000175195653562471
0.024067	-0.0002162630312306624	-7.024403330739601e-06	0.0002163770803926039
0.024127	-0.00022579712478194128	-0.00016012680322253624	0.0002768120927092247
0.024187	0.00025618951933574106	0.0005110811557247272	0.0005716966132087901
0.024247	-0.00017622816742122175	-0.00019529098307789728	0.000263049301584653
0.024307	-0.00029148122421526675	0.0001443191645484678	0.00032525270994412687
0.024367	6.514702680447405e-05	0.00020318271873435423	0.00021337139520972946
0.024427	0.0001309607558609424	7.40181040815747e-05	0.00015043071264705284
0.024487	-0.0005472796849389293	-0.00022831197872239537	0.0005929936029798207
0.024547	0.00037336255442236774	1.9897372542899175e-05	0.00037389236750555156
0.024607	6.512056085310235e-05	-5.686121308508878e-06	6.536833653503572e-05
0.024667	0.00035066551939523267	-0.00016833283761878568	0.0003889758999135046
0.024727	3.883424524638089e-06	-2.163230420378171e-05	2.1978115733690923e-05
0.024787	-0.00026011267588328457	-0.00020594326851995968	0.000331769850956724
0.024847	0.00019291961373588983	-0.00015761180405275381	0.0002491173581683312
0.024907	0.00023785553404416735	0.0002162484992303821	0.0003214633237164523
0.024967	0.00029181945754043877	-8.965393792362499e-05	0.0003052808942341612
0.025027	-0.00015581186105446764	-5.512153301630773e-05	0.00016527467878451506
0.025087	0.00019707529518052513	-0.00020588980567711634	0.0002850075157820436
0.025147	2.425043104498514e-05	1.3263824046776763e-05	2.7640774848246068e-05
0.025207	0.0003146623740827618	-9.882044796718855e-05	0.0003298149338641835
0.025267	0.00019974291414641564	8.831197839233827e-05	0.00021839468235117628
0.025327	0.0003323395373315315	0.00043880491780108063	0.0005504537437061806
0.025387	0.0001889415548728523	3.506807020029104e-05	0.00019216836551665727
0.025447	5.535720377780158e-05	0.00026809680363949436	0.00027375228972889093
0.025507	0.0002199439577478725	0.00015847246230933241	0.000271088299010084
0.025567	0.00012059817289857138	0.00033184514426635645	0.000353079479833695
0.025627	0.00011824513436260031	0.00024407252389131354	0.00027120713250042896
0.025687	-2.885254788292314e-05	8.793225588826499e-05	9.254486017567742e-05
0.025747	0.00022073592498861135	-0.00047494532232361837	0.000523734100262398
0.025807	9.048943037538379e-05	0.0001327469337027591	0.00016065517550687916
0.025867	0.00011148918467019625	-0.00017447082463409972	0.000207050493713316
0.025927	-0.0003813976645141096	-0.00013687912777475986	0.0004052160832410238
0.025987	-9.789695595615382e-05	0.0002834747145827379	0.0002999028639297161
0.026047	7.200082145621067e-05	-0.00041564831775764335	0.0004218384078591327
0.026107	5.424427024226993e-05	-0.0003655609954588997	0.00036956363762553543
0.026167	0.00011572110355709463	-0.0002217799583350165	0.0002501553991573108
0.026227	0.00014431148037088358	0.00025202634505948834	0.00029041880443745406
0.026287	-6.199668509209585e-05	-0.0002710534893419531	0.0002780532018280976
0.026347	-0.0002164547058007821	2.8680133364796057e-06	0.00021647370547898273
0.026407	-6.212713602880008e-05	-0.0004146844662384158	0.0004193125177842665
0.026467	7.873021490097944e-05	6.663081217527158e-05	0.00010314122293967008
0.026527	0.0003705388715039961	-0.00035910742375362535	0.0005160011599700342
0.026587	4.6907837806883226e-05	1.3088450468021856e-05	4.869961789758442e-05
0.026647	0.0001130466630501401	-4.816349928442692e-05	0.0001228790897186861
0.026707	7.736519952575006e-05	-0.00015463208814154537	0.0001729059188711415
0.026767	-8.640131880104885e-06	-0.00030975513277120537	0.0003098756107811853
0.026827	-2.08307151572461e-06	-0.00011173604843729639	0.00011175546388128621
0.026887	-0.00011406426904100184	0.0004022308483922115	0.0004180912733724256
0.026947	-0.00023612281405446627	-0.00026330318594070066	0.00035367011613016337
0.027007	0.00017237220007308476	4.4414979977335756e-05	0.00017800243201828087
0.027067	-0.00020904478547254904	0.0003548451608953938	0.0004118431868371042
0.027127	0.00015311977520673283	-0.00016810397121044503	0.00022738647870109278
0.027187	0.00013452598972097366	0.00016163066724343182	0.00021028959675638853
0.027247	0.00010262780067514208	0.00028623458592631605	0.00030407680551437376
0.027307	-0.0003350389663427095	-6.202746471638105e-05	0.0003407323221344478
0.027367	0.00016096930074966558	-8.189617913082265e-05	0.00018060481704557075
0.027427	-0.0002109793849873142	-2.5598552834178495e-05	0.00021252667314205427
0.027487	7.042374735336237e-05	0.00022076957377755853	0.0002317298187485052
0.027547	0.0004066165550309836	-5.6697441592116284e-05	0.0004105503899746733
0.027607	0.00051895347077702	0.0003340927948450684	0.0006171958363428129
0.027667	-8.651767162457785e-05	-0.0001849520828964035	0.0002041876109636831
0.027727	-4.5983855658725416e-05	4.576628307155877e-05	6.487732768408807e-05
0.027787	7.052921348242125e-05	-2.2994706854330402e-05	7.418306071985397e-05
0.027847	-0.00034777216114220954	-0.0001232189805484948	0.00036895581474335554
0.027907	0.00030946683896977846	-4.929734323910318e-05	0.000313368716486475
0.027967	3.5960993672259195e-05	0.00017794910457472597	0.00018154634913664065
0.028027	1.8092979499883345e-05	2.9685788808841506e-05	3.476495310490636e-05
0.028087	3.934733843393486e-05	-0.0001621255279014954	0.00016683195089422522
0.028147	-0.00014509019526771281	8.031168438507595e-05	0.00016583465081698422
0.028207	-4.738132643080702e-05	-8.369937652851335e-05	9.617991331668242e-05
0.028267	6.448769488023095e-06	9.983890784180647e-05	0.0001000469597087007
0.028327	-0.00034065974175854466	-2.7229159358451734e-05	0.0003417462315437674
0.028387	0.000335147701003499	-0.00022670902377235988	0.00040462447151370766
0.028447	3.231173645723398e-05	-0.00027265867146067905	0.0002745665664926891
0.028507	0.00015384907474640526	2.5659182336750034e-05	0.00015597413708213158
0.028567	-0.00018632223352608743	-0.00047680341481448	0.0005119154921321477
0.028627	-0.0001113470116220499	7.267118811805265e-05	0.00013296337307563432
0.028687	-3.555527707764129e-05	-0.0003265787448898997	0.0003285085300900572
0.028747	-0.00010011590460690127	-0.0006011031742314824	0.0006093834756755569
0.028807	-8.631394362092757e-05	-0.00041535237035128476	0.0004242259874404531
0.028867	0.0002868426752722917	0.0002465274224369966	0.0003782254491315923
0.028927	0.00026850575171995385	-0.00013223723795510658	0.00029930256565671633
0.028987	-0.00010330303256235155	-0.0001591124888704131	0.00018970582661351126
0.029047	3.203470431291608e-06	-9.24497852947961e-05	9.250527024909477e-05
0.029107	5.1194851903550244e-05	0.00019549781166538078	0.0002020898493922422
0.029167	0.00016907291972209702	-0.0002079015260875669	0.00026797144760756493
0.029227	3.545097985066665e-05	-0.00024090731091868788	0.0002435017544627671
0.029287	-0.00018548651519273605	-4.148095117702822e-06	0.00018553289199344306
0.029347	-2.776700845547805e-05	-0.00011300878471489064	0.00011637006565824
0.029407	-0.0001840469219045598	0.00020128297322340042	0.00027274182805758865
0.029467	0.00011481160566276103	-0.00011815243567063683	0.0001647473910256709
0.029527	-0.00022228544017962768	-0.00021523143167874112	0.00030941135418457327
0.029587	0.00018350642209938068	-0.00024085522370114875	0.0003027967069435308
0.029647	3.5056169989133065e-05	-0.0003608109057781547	0.0003625099237024546
0.029707	-5.840637441504009e-05	0.00037217025571805845	0.00037672536921948177
0.029767	2.48309077853339e-05	0.00019118313241405887	0.00019278891073164797
0.029827	-2.381025387304925e-05	0.0001366835828067085	0.00013874195471585876
0.029887	-0.00013822596730078983	-0.00016557660949745193	0.00021568966514163516
0.029947	0.00024614783035192714	0.00016846709635748013	0.0002982782542225993
0.030007	0.0002767860761765029	0.0004186714304725175	0.0005018927162841566
0.030067	3.3260371009695354e-05	-2.8563088350378314e-05	4.384178709649164e-05
0.030127	-3.242448821235772e-06	0.0001276947296690018	0.0001277358894735453
0.030187	1.3457133306242432e-05	0.0002220459623123497	0.00022245337447662918
0.030247	-8.297286206439389e-05	-0.00014347204254149695	0.00016573690847299536
0.030307	9.549193685564201e-05	1.906829847641447e-05	9.73771534356368e-05
0.030367	-0.0002352283680163538	-0.00010438297144532116	0.00025734838225135965
0.030427	1.5624727017210497e-05	0.0001776666462044742	0.0001783523738779727
0.030487	-0.00010251984501434298	-0.00022220501484981864	0.00024471491014274756
0.030547	0.00035562277891912786	4.785391574683737e-05	0.0003588280342148148
0.030607	-0.000139558525448929	8.441805965742329e-05	0.0001631042329978092
0.030667	-9.953815162968021e-05	9.220651265180549e-05	0.00013568302990890488
0.030727	0.0004084812873820517	0.00017608783967535123	0.00044481894004508223
0.030787	0.00022182761464169726	-0.00020100513768522317	0.00029935022297215825
0.030847	-0.00017932975434151313	0.0002817175546497682	0.0003339520046204732
0.030907	0.00019538050558486346	0.00013853181287817819	0.00023950909198172714
0.030967	-5.699285726133699e-05	0.00017614398278156554	0.00018513478454618837
0.031027	0.0001412451088342953	-1.2858463175608386e-05	0.00014182919602412757
0.031087	-8.245406385234936e-05	-0.00026146728692373904	0.0002741601991118116
0.031147	0.00013514927174778298	0.00013024558196649756	0.00018769453182164824
0.031207	8.238956850041635e-05	0.00015890023394096015	0.00017898973530394602
0.031267	0.00025732465841984254	0.0003421822158789068	0.0004281409215371586
0.031327	6.495550818564548e-05	0.00024717675472519103	0.0002555691024363718
0.031387	0.0002859745522109546	-1.874356065864138e-05	0.00028658814626292587
0.031447	-0.00016593883793747046	3.608501691149666e-05	0.00016981703796009717
0.031507	-8.663184903394808e-05	0.00016893080735964628	0.00018984913732282983
0.031567	-7.682555416699883e-05	0.0001579581283951162	0.0001756500387109393
0.031627	0.0003282550890900953	-8.418163690360336e-05	0.00033887748745721735
0.031687	0.00013323287264679014	-0.00033993533332796097	0.0003651123514734988
0.031747	0.00019034038053663372	0.00017760663681392765	0.0002603335896560122
0.031807	0.00012768074712272672	0.0002687262078155498	0.00029751663474962835
0.031867	0.00024053608068074845	0.00034734927317532	0.00042250340079658366
0.031927	9.7719459637114e-05	0.00022236175378398545	0.00024288648035174646
0.031987	0.0001537644779657459	0.00011991727694936669	0.00019499658457272905
0.032047	-0.00015619995846732215	-2.4310401577013087e-05	0.00015808043095218586
0.032107	-0.00018109669471909006	-1.2376295454576282e-05	0.00018151910513044699
0.032167	2.3185180697756118e-05	0.00020003015569621682	0.00020136935166961318
0.032227	-5.091647278751657e-06	-5.856004045638044e-05	5.87809766018236e-05
0.032287	9.913587540826167e-06	-4.15865489369476e-05	4.2751845228185895e-05
0.032347	-5.23943281530127e-05	3.6113637615863914e-05	6.363458528548388e-05
0.032407	1.648793183030639e-05	9.9707540787554e-05	0.00010106159303089665
0.032467	-0.00017407336361870764	2.7683643547516952e-05	0.0001762609430406997
0.032527	-0.00021941790087016716	3.757964963630849e-05	0.00022261276982477488
0.032587	0.0002905348382236474	0.0001846223660984008	0.00034423234927213463
0.032647	-0.0003339073081912593	0.00030196141640260186	0.0004501941663986753
0.032707	-0.00015199410128622013	-0.00014048378812339896	0.00020697319041679239
0.032767	-0.0002263922252567363	0.0002501535484377606	0.0003373873700254648
0.032827	0.00020554759032265286	4.141884165417643e-06	0.00020558931658013963
0.032887	-1.2278107632813618e-05	-0.0005120979796123208	0.0005122451489766046
0.032947	0.0002903019460716019	3.261348819440227e-05	0.0002921281559609852
0.033007	5.218186753914234e-05	-0.0003570190998676741	0.00036081239581006204
0.033067	0.0002382267168481627	-0.00012051576928197953	0.00026697569040248217
0.033127	-5.63398992781626e-05	0.00013803673354144863	0.00014909166327285506
0.033187	-0.00048319954898372043	0.00015492254994403383	0.0005074276309181758
0.033247	-0.00027307657443417365	5.614242065403087e-05	0.000278788068076087
0.033307	0.0003825408525254617	0.0003192554245240058	0.0004982584971065825
0.033367	6.067859666788458e-05	-0.00026135312840297394	0.0002683045840450833
0.033427	-4.867451584464894e-05	-0.0002625552686157872	0.00026702898264162106
0.033487	-4.229222341283693e-05	-0.00044567931968319413	0.00044768145835457165
0.033547	-0.0001684765458829953	-4.7174929480339436e-06	0.00016854257993866053
0.033607	0.000265427890531501	-1.8224767547518687e-05	0.0002660528278822903
0.033667	-6.5935305958213e-05	3.068277416684684e-05	7.272480458809692e-05
0.033727	-0.00038804647308250196	-2.9632725034873438e-05	0.00038917626297702343
0.033787	0.00025942650988798946	-0.0003146813612639655	0.00040783142738097744
0.033847	0.00011560808858730707	0.00012893247813268465	0.00017317278673118893
0.033907	-9.368865575573226e-05	-6.401594753462872e-05	0.0001134707264278873
0.033967	0.00014567280466226988	-0.0001538589318076857	0.0002118800059353735
0.034027	6.487212891280717e-05	0.00016346009504206003	0.0001758624342514318
0.034087	-0.00037566413771809935	-0.0004723183778630096	0.0006034966399530554
0.034147	6.201174159984765e-05	-4.367893872490175e-05	7.585054900513244e-05
0.034207	-4.623019097519209e-05	0.00036558739650617296	0.0003684988128091656
0.034267	-3.70752263619154e-05	0.0002770316042921265	0.0002795014887016823
0.034327	-0.00024840785274872425	-5.6400363345255917e-05	0.00025473017546554774
0.034387	7.549710866433233e-05	-0.0004559931160612108	0.00046220075217581253
0.034447	0.00016322416252832363	-2.6890366842846148e-05	0.00016542436054588648
0.034507	-0.00023251351717261002	6.50553516324374e-05	0.00024144302525440177
0.034567	0.00013417791189395572	0.00010804416186224947	0.00017227087087705252
0.034627	-4.436045057112815e-06	-0.00013989603805053161	0.00013996635294950184
0.034687	3.002015164562473e-06	-0.0001439809535669534	0.0001440122463025192
0.034747	6.920296736495475e-05	-0.00019718383129592256	0.00020897491240972886
0.034807	-0.00039314592492669395	8.761168322188767e-06	0.0003932435331405151
0.034867	-0.0002025304789288539	-8.752065330045483e-05	0.00022063195518620904
0.034927	-7.29082930918862e-05	0.00037238128602371944	0.0003794515006983785
0.034987	0.0002851776864806778	-5.9386792970710474e-05	0.0002912955613218605
0.035047	0.0002073101643417968	8.8160444893326e-05	0.00022527709222913006
0.035107	0.00019316198062264744	-0.00022213297329359166	0.00029437154852722357
0.035167	-0.00017998620161245019	-0.0004184165917137712	0.0004554859789194902
0.035227	0.00013260006193718625	-5.5399839254152566e-05	0.00014370775419277686
0.035287	-0.0002241454668060454	-0.0003639020706840201	0.0004273943230060708
0.035347	0.00042585983131454466	-0.00031293090054553176	0.0005284717063793387
0.035407	-0.0001872140931475779	-0.0002930963729990061	0.0003477852793581731
0.035467	0.00041972438121343474	6.462148429824234e-05	0.00042466986285573486
0.035527	-9.428499445400338e-05	2.425011941775332e-05	9.735362587478056e-05
0.035587	4.462243701258682e-05	-0.00017660655206159202	0.0001821566252323151
0.035647	8.887694468155251e-05	1.3355587283242623e-05	8.987481854005636e-05
0.035707	-0.00022391101476316956	-1.887419332584075e-05	0.0002247050905208281
0.035767	-0.0003222613045879256	-1.3516898078977664e-05	0.00032254465577403264
0.035827	0.00025405707429535136	5.6579574913320314e-05	0.00026028108901125666
0.035887	0.00045009397598704394	-0.00014399067125225857	0.0004725652342560778
0.035947	0.00034124734856909897	4.628570367365374e-05	0.00034437206517080535
0.036007	-5.6166790387962156e-06	-1.1570554002365114e-06	5.734619483807906e-06
0.036067	-0.000155410742111255	-8.364746921078877e-05	0.00017649192012367268
0.036127	-0.00043023313990684005	6.828271997075994e-05	0.00043561804889226505
0.036187	4.993579368386795e-05	0.0003900575788275792	0.0003932410180686534
0.036247	0.0003059296998471336	0.00018258255148675409	0.0003562714826588994
0.036307	6.569256399050335e-05	-0.00011666048767799731	0.0001338849593827273
0.036367	-0.00010054018150211536	0.00012288075236664846	0.0001587702975958409
0.036427	-0.0002652094914464986	-0.00024975206685246145	0.0003642968147683792
0.036487	-0.0003487164117240171	3.5652696931751774e-05	0.00035053423599440544
0.036547	-0.0003374890299731438	5.838992626420734e-05	0.00034250288880731085
0.036607	0.0001037126829550949	-1.5458092253885764e-05	0.0001048583483651811
0.036667	-5.994071654380402e-05	-7.084102775742191e-05	9.279730983984656e-05
0.036727	-0.00015365235134767936	-0.00017474974492819685	0.00023269404467484887
0.036787	0.0001265721964161407	7.761746461372373e-05	0.00014847555933105206
0.036847	0.00023358795831313856	0.00018561731778542648	0.00029835737452048436
0.036907	0.00012766406480453702	-0.00011186292176093348	0.00016973929040534414
0.036967	0.00034381130177067677	-0.00018789870262558527	0.0003918062450671575
0.037027	-1.2291307008674533e-05	0.00018742020326287945	0.00018782281229680418
0.037087	-5.34786123252994e-05	0.00013034606139599388	0.0001408902327973372
0.037147	6.62053193558907e-05	-0.00025609420737587657	0.0002645134918345262
0.037207	-0.00016028938462184193	-0.00010076742725576495	0.00018933240931809497
0.037267	-5.946309546087938e-05	-0.00028018159968902154	0.000286422046159315
0.037327	-9.504021499008461e-05	-0.00015001725465439066	0.00017758890494454262
0.037387	-6.536362280333934e-05	0.00020625816566366715	0.00021636735911157668
0.037447	-0.00028990490240293797	0.00034895127521373625	0.0004536649037676925
0.037507	0.00015252306031793227	0.00012509812603005388	0.000197263339384131
0.037567	0.0004185696204569636	0.00015054932130424055	0.0004448208912749648
0.037627	0.0001331657599735725	1.7835819361317545e-05	0.00013435488856617265
0.037687	0.00011102034732791214	5.662368176678298e-05	0.00012462647735387596
0.037747	-7.119684983162333e-05	-0.00032426044852570154	0.00033198468323709734
0.037807	0.00013090163314263416	0.00014294172672544761	0.0001938235661591782
0.037867	-0.00010937158322360355	4.934086059964274e-06	0.00010948282249779995
0.037927	3.730888188316635e-05	3.446161173170162e-05	5.078932319413808e-05
0.037987	-7.790513110185755e-05	-0.00019114522344225554	0.0002064114965228134
0.038047	-0.0002964352283366693	-8.998626976847067e-05	0.0003097924681877486
0.038107	0.00036112383255190294	-0.000241603115161608	0.00043449106744876593
0.038167	0.00012446388923977454	-9.029397495751352e-06	0.00012479098422493167
0.038227	-0.00023261350968014125	0.00019333572771272715	0.0003024694174555883
0.038287	0.00034335373218093255	-0.00030330061286992815	0.00045812994572484516
0.038347	0.0002460705908865902	-0.00022994752952957043	0.0003367886607889706
0.038407	2.22665335480244e-05	0.00014659335417442827	0.00014827477871962806
0.038467	0.0001847058571341888	7.425109933947792e-05	0.00019907154345309223
0.038527	0.00016771683239196841	-9.100900683790873e-06	0.00016796357420837367
0.038587	-5.1072345106995866e-05	3.224268544253354e-05	6.03984701732937e-05
0.038647	0.00021410404503370334	-0.00010005452102047548	0.00023632911220675042
0.038707	4.932738497146128e-05	0.00022902607165467228	0.00023427789568308366
0.038767	0.00015400430319438668	-0.00020211183087308313	0.0002540994245984401
0.038827	-0.0002508106460402551	-0.00039641250152074644	0.0004690936489967285
0.038887	-6.603847311322353e-05	-0.00023207052056340674	0.00024128366385998149
0.038947	1.8928621784863024e-05	-5.457840854316466e-05	5.776759819984712e-05
0.039007	0.0003425502596167247	-0.0001962872973920348	0.00039480296792318396
0.039067	-3.962712797446436e-05	3.0125079939055877e-05	4.9777803415167715e-05
0.039127	-7.166446268873556e-05	0.00023903049739115972	0.0002495423288653257
0.039187	1.9779264186678923e-05	7.53516389476606e-05	7.790435664239222e-05
0.039247	-0.00014915838140138404	0.00015402622021197006	0.00021441151847572705
0.039307	4.9759326182752455e-05	3.907016812509259e-05	6.326506602766296e-05
0.039367	9.508330740844948e-05	0.0004724646244456652	0.00048193739915087846
0.039427	6.247761500717052e-05	0.00038534198319641923	0.0003903740467689081
0.039487	-0.00018740270873366768	-6.737001216744567e-05	0.00019914440434056304
0.039547	0.00040570489533711294	-0.0004011266387123481	0.0005705252337847682
0.039607	-0.00019141394328205433	-0.00012990980422536875	0.00023133494097662624
0.039667	-0.0002464658196144207	0.00010677412790959704	0.00026860028784248
0.039727	0.00010323018961981433	-0.00011631642673003999	0.00015551843355752907
0.039787	0.00015028619332724133	-0.00031841591252109206	0.00035210031702830475
0.039847	-3.18718426636983e-05	0.00015551709622096558	0.00015874943014631773
0.039907	1.8583058024414288e-06	-0.00011367363273416603	0.00011368882125977667
0.039967	0.0002782069489287274	-0.000191125384275277	0.000337532248750551
0.040027	7.442452770580611e-05	5.079462259573162e-05	9.010607087691212e-05
0.040087	-7.204900946431483e-05	-0.0001764318895268299	0.00019057615644879722
0.040147	2.7020261820537953e-05	-8.096884858249767e-07	2.7032390650745237e-05
0.040207	-2.9188554035774018e-05	-9.81681179257229e-05	0.00010241558018083937
0.040267	0.0001551351082611453	8.402632466314942e-06	0.0001553624988456392
0.040327	0.0004536230027055813	-0.0002812353291297913	0.0005337294623068599
0.040387	0.0001621015538643987	0.000415089268515639	0.0004456186874471276
0.040447	1.0644657127994077e-05	0.0001371992852780528	0.00013761160055090221
0.040507	-0.00034031003607766866	-0.00015447308839787303	0.0003737283180257568
0.040567	0.00011604762331766756	-0.0002245023086682688	0.000252721857928953
0.040627	-0.000408772464079497	0.00010824500198444279	0.0004228615705455341
0.040687	-0.00016312071310609408	0.0002838193451054984	0.0003273557509810308
0.040747	-0.00029229484532758106	0.00019933968145905052	0.0003537973787484445
0.040807	-0.00023301017852714404	-0.00012470098326622617	0.00026428030294521604
0.040867	2.485904266330804e-05	0.0002239385076575933	0.00022531406350702156
0.040927	0.00026191927504921517	0.00011995642763341367	0.00028808202160648076
0.040987	6.707516161488761e-05	0.000193152937599439	0.00020446793051468015
0.041047	-0.0001306494252924356	-0.00017944345113366175	0.00022196671931621318
0.041107	-4.918506412664067e-05	-4.727257268067879e-05	6.821925432743906e-05
0.041167	8.625081752396787e-05	-0.00015770874863188674	0.00017975331128685347
0.041227	2.3232981736837668e-05	6.051568586392307e-05	6.482221591372245e-05
0.041287	-0.0004931977104945486	7.274955607333082e-05	0.000498534331361373
0.041347	0.00011660174782932122	7.984789385095797e-05	0.00014132110157116123
0.041407	0.000535432093863973	4.8009657082199165e-05	0.0005375801840774162
0.041467	-0.00022371346033569307	-0.00026251056489927225	0.0003449050724751736
0.041527	0.00013257036093488304	3.816201903471202e-05	0.00013795376143915352
0.041587	9.207124250814913e-07	-0.0003107364023291704	0.0003107377663623232
0.041647	0.00020358768834882434	0.0001938340425849964	0.0002811042207297148
0.041707	0.00017736630429759866	-0.00020319826106152383	0.00026971900044048724
0.041767	-1.8990109629331308e-05	-0.00034047438149343765	0.0003410035611501336
0.041827	0.00015857008359213947	-0.0003407536112682842	0.0003758423805304493
0.041887	0.00011185978798183439	0.00021714715941646107	0.00024426522677200473
0.041947	0.00023377078376448954	3.638911635793886e-05	0.000236586024801076
0.042007	7.704304194236899e-05	-5.767633220755356e-05	9.62402702024974e-05
0.042067	7.705866944344948e-06	-0.00033259688157254874	0.00033268613739852155
0.042127	-0.00010108051678955244	0.00020919389778286534	0.0002323345814639545
0.042187	-8.712644334679572e-05	2.6382690090626766e-05	9.103330965465586e-05
0.042247	0.00023859807682326554	9.142624673096848e-07	0.00023859982845681187
0.042307	-0.0001742400479626155	-9.972316427802264e-05	0.00020075931810911303
0.042367	0.0001993548768473521	0.00020349277326840454	0.00028487133182419254
0.042427	0.0004876586714971122	-0.00021436132021249027	0.0005326929279515266
0.042487	-6.276604221365464e-05	-0.0003214049996794524	0.0003274763348306486
0.042547	-0.00019492655027437224	0.00010509024578737048	0.00022145049054250773
0.042607	-7.517364759672784e-05	0.0001602279228601698	0.0001769860575217199
0.042667	-0.0003252604679371254	-7.301400942931723e-05	0.0003333547923393666
0.042727	0.00018246366873243662	-1.0779276850586265e-05	0.00018278179126138893
0.042787	-0.000228825714598136	0.0003762900666535229	0.00044040370334893906
0.042847	0.00020874958101634977	-0.00030607673056976063	0.0003704852933258963
0.042907	-0.00011706965253022155	0.0001845509790389676	0.00021855060605678557
0.042967	-7.26519250132759e-05	-0.0002653680458130824	0.00027513360744698
0.043027	0.00018008038726267283	-0.00014018455810462045	0.0002282118669299691
0.043087	-0.0002946030099977306	-7.475207877693051e-05	0.0003039388207866764
0.043147	-0.00013806275906047994	-0.00024049409805710975	0.00027730621457099525
0.043207	-0.00021931144307221767	0.00014180355440275824	0.00026116231945607043
0.043267	-0.00014868877946483375	3.679984323865781e-05	0.00015317500318632853
0.043327	6.6338139979801185e-06	4.5659877984209876e-05	4.6139266852570714e-05
0.043387	-4.634045955771122e-05	-0.00032736440085618426	0.0003306280223150306
0.043447	-7.286933345921568e-05	-0.0002207991447425605	0.00023251279981505654
0.043507	0.00015553281632805054	0.0002330795382272146	0.00028020800862064364
0.043567	0.0001608144180596831	0.0003160163288367455	0.0003545808753265305
0.043627	-0.00019138234844990378	-0.00014496962572954514	0.0002400903906497817
0.043687	0.00025344052298972993	0.00012635519868027718	0.00028319204601619756
0.043747	0.00030183391649180556	3.167778666376778e-05	0.0003034916725590629
0.043807	0.00013334033957844056	-0.0003927800163056819	0.00041479607925821283
0.043867	0.00015126893068659477	-0.00046184049943367555	0.00048598244444446
0.043927	0.00034404933962184467	0.00019835564541778716	0.0003971333657140059
0.043987	8.642771298518393e-05	0.00012345359090558871	0.00015070016151064267
0.044047	0.0003327820595391451	7.077957850795208e-06	0.0003328573217437957
0.044107	3.0246215723016634e-05	-0.000600788275711673	0.0006015491549309736
0.044167	-4.391702157784147e-05	0.0002578299926168762	0.0002615435143089712
0.044227	0.00024442695829591144	0.0002594510272517882	0.0003564538868967476
0.044287	0.00011861279726349078	0.00011854632417168076	0.00016769682957434582
0.044347	0.00036980778104844575	0.00018451104464128605	0.0004132821318646547
0.044407	-0.00014848386159841708	-0.00011541916100644501	0.00018806658364156444
0.044467	-6.344070126824073e-05	0.00020997864810495375	0.0002193530379032626
0.044527	-0.00021419162669942765	0.00018224739848978454	0.000281233296756343
0.044587	-0.00022930302930190287	0.00046137393778065093	0.0005152143143491389
0.044647	1.4213113019654637e-05	-0.000365743413628487	0.0003660194765232146
0.044707	0.0001305040396241552	-0.00021203579547654175	0.000248978880473009
0.044767	0.0002639577559091547	-0.0005196270169759513	0.0005828258176127088
0.044827	9.484253871902982e-05	-0.0001523741442184247	0.00017947976759782134
0.044887	-0.0002969149307961279	-1.3091981962791977e-05	0.0002972034254872973
0.044947	7.483009027025105e-05	-6.205192022290296e-05	9.721102413411471e-05
0.045007	1.87754711287177e-05	0.00028521722632123355	0.0002858345404363914
0.045067	5.109163541482633e-05	8.872890751292814e-06	5.185637279685028e-05
0.045127	-0.000281892537032123	0.00014265945930166734	0.00031593531578893
0.045187	-0.0003415184948972499	-7.1230575485717695e-06	0.0003415927696918118
0.045247	8.017120542814162e-05	0.00014607091845555376	0.00016662573450175792
0.045307	0.0002526069962510556	0.00024267427999767572	0.0003502871689448118
0.045367	0.00016024076799853654	2.8492398388870014e-05	0.0001627541719732889
0.045427	0.00024724158693141963	0.00010751987200298327	0.0002696088373623992
0.045487	-0.00018369628786460405	-6.847915873928507e-05	0.00019604520233067597
0.045547	-3.959710334742734e-06	-7.193369005590557e-05	7.204259206187793e-05
0.045607	-0.00017398537423809172	-0.00024004014973823327	0.00029646278676272723
0.045667	4.849101882944822e-05	-2.8033182898076276e-05	5.601105471703687e-05
0.045727	-2.585377665170154e-05	-0.00027142033124718514	0.0002726488840642627
0.045787	-0.00024379858181199456	-0.0004288571782830095	0.0004933114917153307
0.045847	-0.00026276543656372493	2.3734461042524992e-05	0.0002638351744811599
0.045907	-0.00010487161473992154	-0.00036863777540309785	0.0003832647453553527
0.045967	1.1055744179568102e-05	7.193027911040758e-05	7.277495813990683e-05
0.046027	-5.836256484698637e-05	-2.2079424607918538e-05	6.239943883189534e-05
0.046087	-4.454343334647277e-05	0.0001650781612714491	0.0001709822118907526
0.046147	2.17221975431109e-05	-0.00016685983425414287	0.00016826781674884227
0.046207	-0.00010072943253103389	-9.831151213018769e-05	0.00014075358608343927
0.046267	4.155898172208364e-06	-1.4851393380755227e-05	1.5421912169627508e-05
0.046327	5.64681966034229e-05	-0.00026388397115871065	0.000269858124691724
0.046387	-6.322335265929435e-05	0.0003063029352180023	0.00031275978073378493
0.046447	-0.0001789128486686302	-0.00021979107664891296	0.00028340417215209186
0.046507	-8.435822070937334e-06	0.00022463817385450773	0.00022479651297718244
0.046567	6.088935010510111e-06	3.163344618069524e-05	3.221412806253117e-05
0.046627	-8.149924842342944e-05	0.00022850848524979547	0.00024260720377750503
0.046687	0.00034200460158491597	-0.00020306732156956278	0.00039774801645601365
0.046747	-2.6766946046800056e-05	-0.00011415761983824968	0.00011725370598751514
0.046807	-8.481556625302463e-05	6.205980149181562e-05	0.00010509566708492206
0.046867	-1.6115522987698725e-05	0.0002335165887841579	0.00023407201310399444
0.046927	-5.690569511795451e-07	-0.00011811126526865339	0.00011811263611136573
0.046987	0.0005180049924865661	-0.00018309479201382463	0.0005494113896740703
0.047047	0.0001740772652126767	-0.0001985539678837649	0.0002640578959741816
0.047107	5.909967248337224e-05	0.00024102635342728153	0.0002481662231934368
0.047167	-5.991277954185755e-05	-0.0002267082485594321	0.00023449130286071692
0.047227	-0.0002225154195075246	-0.00010320195572658258	0.0002452830112021645
0.047287	0.00030714281145744653	0.00032921025972767017	0.00045024004901823714
0.047347	0.0005384527955260472	5.096227063678194e-05	0.00054085909998656
0.047407	-0.00016312823640211432	0.0001555444225949724	0.00022539939865063406
0.047467	-0.000392914797726613	-3.52815664583406e-05	0.00039449566183204037
0.047527	-0.00022022434359925924	-0.0005725745584302879	0.000613465880449242
0.047587	0.0002916778830792775	-0.00018599013773423344	0.0003459310896869604
0.047647	-0.000327457435360351	-0.00017635282425344207	0.00037192565197219704
0.047707	0.0001854967737263798	8.061604185715293e-05	0.00020225726011100312
0.047767	-0.0003663454209124814	-0.000183147297032514	0.00040957526760518527
0.047827	0.00012183186563341069	0.00025480337625280854	0.0002824318750310378
0.047887	0.00018988691233955325	0.0001897416965275734	0.00026843798330156436
0.047947	0.00026870977889630645	-0.00047218330922329263	0.0005432881581477379
0.048007	-0.00015921576820908018	-0.0004067960565058504	0.00043684401384832844
0.048067	0.00022552318480475642	-0.0001620134357176786	0.0002776851818832375
0.048127	9.574339918514725e-05	-7.16955486299358e-05	0.00011961208208569044
0.048187	-8.585173313230951e-05	-3.120732973562478e-05	9.134778328481378e-05
0.048247	3.6438358194245904e-05	0.00017082522593456548	0.00017466829066401123
0.048307	5.3024847041700804e-05	0.0002367351121582131	0.0002426007991173102
0.048367	0.0001529403881826757	0.00011261990267545718	0.00018993157930185538
0.048427	-0.0001727873454437459	-0.00014297963751366762	0.00022427359070794798
0.048487	6.357144640118344e-05	-0.00013863008202841557	0.0001525110764526425
0.048547	0.00026787110200192593	0.0003578589306066586	0.0004470100015689442
0.048607	0.00015777547328846118	-0.00020000688714252686	0.0002547466484094372
0.048667	3.5265697480174076e-06	3.0665309589003825e-05	3.086742468002605e-05
0.048727	0.00045461259028632716	8.369717818724853e-05	0.0004622529879658454
0.048787	0.0003513593371881192	0.00011767358294740841	0.0003705407615269271
0.048847	-6.166994479577738e-05	7.091286813700957e-05	9.397774714543405e-05
0.048907	0.0002312979509175424	-6.986543786036484e-05	0.00024161937320106257
0.048967	-0.00020798884755098777	7.037265193420266e-05	0.00021957156201530395
0.049027	8.184542239469462e-05	0.00011666503917913144	0.00014251106810923232
0.049087	-5.809641707654089e-05	-0.0001142640671647916	0.00012818529838546774
0.049147	0.00034828773017646754	-0.000158633314448013	0.00038271251801350585
0.049207	-0.00011446862395822621	-5.502267900541082e-06	0.0001146007889280834
0.049267	-9.307833404613086e-05	-0.00010596960508411901	0.00014104301992827318
0.049327	-0.00023936957639054436	0.00015403321510699443	0.00028464719471230744
0.049387	8.666211331175678e-05	-0.0003206553065086172	0.00033215982218774595
0.049447	0.00027619363154255316	0.00011213387104918128	0.00029808879070025094
0.049507	-0.00044814645040121954	-6.211687339576578e-05	0.000452430930604527
0.049567	6.739539448767846e-06	-0.00017416044508613147	0.00017429079730318784
0.049627	0.00018705719525819955	-3.2821995283316364e-05	0.0001899149221947613
0.049687	9.538466557381483e-05	-0.0003178780641484118	0.00033188054792857366
0.049747	0.000230194092091154	-0.00040756047899561114	0.0004680757033566287
0.049807	0.0003132529953500029	5.8674207723782336e-06	0.0003133079407264825
0.049867	-0.0002280872929171366	-0.0002897760272843562	0.00036877358796281984
0.049927	-5.791284193751929e-05	0.000209083488205343	0.00021695576116202562
0.049987	1.7592792514749603e-05	3.4746035369590546e-05	3.8946030893685006e-05
0.050047	-0.00010334930773646495	1.4826045414202011e-05	0.00010440733227235775
0.050107	-4.297619358986475e-05	-0.0002084164195187537	0.0002128012150822703
0.050167	7.551963798052012e-05	3.2041243471849385e-05	8.203570566485759e-05
0.050227	0.0002998999190224227	-0.00016534020559852213	0.0003424578003448268
0.050287	0.00013695801207765822	0.0001701149281630484	0.00021839548039321484
0.050347	0.00032832723903757213	-8.176484535679238e-05	0.00033835523615019644
0.050407	0.00020960757537882293	7.548467150341843e-06	0.0002097434504639149
0.050467	0.00036191823759212905	-0.00024172094124547664	0.00043521698512166544
0.050527	-4.8789005350093425e-05	0.00041641380929616163	0.00041926224205810793
0.050587	0.0001518311571238164	-0.00023644303439706915	0.00028099467750911344
0.050647	-4.7844118405537434e-05	-0.0004381326065482523	0.00044073715589540294
0.050707	6.584180412942327e-05	-0.00019197270252661506	0.0002029498994490748
0.050767	4.493816824423264e-05	-2.0237107643998217e-05	4.928467805456104e-05
0.050827	-0.00012005154549539346	-0.00024605289275201323	0.0002737780115485286
0.050887	-0.0002583474002973617	0.00033058610161176995	0.0004195599478254242
0.050947	3.868506319588288e-05	-3.8822107658153824e-05	5.480593177285409e-05
0.051007	-8.630121971367344e-05	1.6835227484368335e-06	8.631763882841236e-05
0.051067	0.00018608305300451668	1.6278027449083394e-05	0.00018679367439267017
0.051127	-9.431992934615891e-05	0.0002800021180881377	0.00029546139376525625
0.051187	-0.0002252248343369561	-0.00016251547034517216	0.00027773639319257724
0.051247	-0.00017535725415692848	4.324940035692175e-05	0.0001806119520316718
0.051307	3.0745286949794714e-05	0.00018067417766623	0.000183271468442291
0.051367	5.6039140361913156e-05	-0.00011090740255114396	0.00012426116526551527
0.051427	-1.8618988191334619e-06	0.0003831579024317514	0.0003831624262151917
0.051487	6.271243990269286e-05	4.614515601508176e-05	7.786029503029835e-05
0.051547	4.979597378316987e-05	-2.030164682756889e-05	5.377542067641572e-05
0.051607	-6.073209770732713e-06	-0.00013314738570512503	0.00013328582144034922
0.051667	3.333354069895626e-05	-0.00011927350761469554	0.00012384383131283452
0.051727	-4.877583088323668e-05	0.00024829462978117505	0.0002530401249930945
0.051787	-1.3547455315699488e-05	-9.42681512399859e-05	9.523664149756505e-05
0.051847	2.4575396560767518e-05	0.0001685652428970017	0.0001703472665734445
0.051907	-4.58043417753635e-05	0.0004384240492107129	0.00044081025924063057
0.051967	1.6959088057940075e-05	-0.00012602277682159543	0.00012715876275578737
0.052027	9.623376223139039e-05	-0.00038226226639235427	0.0003941895195215456
0.052087	0.0004697296715127504	-0.0003147900929029872	0.0005654544781760488
0.052147	0.00017262918517820742	0.00018875633530271235	0.00025579247387716827
0.052207	0.0002789796934465171	-1.1955451068904372e-05	0.0002792357465758523
0.052267	0.00016441702134095925	-3.00226970374538e-05	0.00016713563128201056
0.052327	-0.0002396556453968957	-0.00018625057476495799	0.0003035195298014278
0.052387	-0.00011450703241656166	-5.289281299696413e-05	0.00012613290664842113
0.052447	0.00013576443272252407	-0.0001521149919004878	0.0002038895582254134
0.052507	0.00011980464381943821	0.00015923177716311004	0.00019926844090127464
0.052567	-0.00029775394872938975	0.00022657473640162927	0.0003741570862076674
0.052627	-7.325906643854431e-05	-0.00021099871060662433	0.00022335475525071108
0.052687	-0.00021331461964825874	0.0001221409486175804	0.00024580792966233557
0.052747	-0.0002414758635116198	0.0002632327425391219	0.00035721431858668553
0.052807	-0.00040101522910535037	-0.00011145213545345145	0.0004162148393216551
0.052867	0.0002680252406926266	-0.00010851532036238034	0.00028915930626851775
0.052927	3.077041309524332e-05	0.0005515314986558469	0.0005523891855672198
0.052987	3.1063997111694025e-05	9.259870270071787e-06	3.2414766912225265e-05
0.053047	-3.055169707083012e-06	-7.778975066326647e-05	7.784972299367702e-05
0.053107	0.0001480437227879156	-0.0003541365570821534	0.00038383543989437257
0.053167	4.6658503357698634e-05	0.0002621589114033048	0.0002662786336973851
0.053227	1.9553472508534748e-05	-7.26533932763749e-05	7.523864593221772e-05
0.053287	0.0001738174461368615	-6.678208739664674e-05	0.00018620513359892662
0.053347	0.0001698757962842742	-1.9762059232204555e-05	0.0001710214172210995
0.053407	-0.00011209027202478444	-0.0003365157988728646	0.000354692982695785
0.053467	0.00021613195811335755	-0.00016226800015427123	0.0002702664004125942
0.053527	-0.00012826239987205433	-0.00022519024985282818	0.00025915611482216265
0.053587	8.947059498478835e-05	5.110619821502105e-05	0.00010303800688544522
0.053647	-8.259523910295643e-05	0.00036486480201333466	0.00037409664161912017
0.053707	-0.0001507732886833242	9.914762047572538e-05	0.0001804517531817951
0.053767	1.0307989914730057e-05	-1.1727868096661617e-06	1.0374492034943374e-05
0.053827	0.0004299372629066555	1.186630788971879e-05	0.00043010098732576774
0.053887	-5.6773386256591876e-05	-7.710065991630528e-05	9.574825923519413e-05
0.053947	-4.434966545469317e-05	-0.0003411591782002285	0.00034402976280577594
0.054007	-0.0002590128169379897	7.208429249171491e-05	0.00026885643857304896
0.054067	-8.398639151848455e-05	-0.0003368043047998147	0.00034711792476330383
0.054127	0.00023581540620371284	0.00015442438315265423	0.0002818790448314664
0.054187	-6.834022028035976e-05	0.0002914982075935069	0.0002994020553339528
0.054247	-6.291992559332029e-05	7.358954282945229e-05	9.682116426957876e-05
0.054307	0.00010024227999394533	0.00011739086782093096	0.00015436686997583328
0.054367	0.0002099437870952638	-0.00047142465433451275	0.0005160596849728879
0.054427	9.23131155655445e-05	-0.00011336672169969322	0.00014619755433779754
0.054487	-0.00018455258226785274	-0.0005055267367909339	0.0005381606983348215
0.054547	8.603589027771122e-05	-0.0003133863961338472	0.000324981857489982
0.054607	0.00035573235468226646	4.462752486691414e-05	0.0003585207443698856
0.054667	0.0004790909858840214	0.0001843122460089387	0.0005133217088573043
0.054727	-2.265714578013776e-05	-0.00035769211141779193	0.00035840897425346436
0.054787	-0.00020971481146489274	9.392284426560846e-05	0.00022978642871740107
0.054847	0.00013563689649731664	-9.009157587514447e-05	0.00016283077023428557
0.054907	0.00020729616392940102	0.00014626842830575253	0.00025370485351857217
0.054967	0.00012744156215549135	4.907238829430668e-05	0.00013656299300154187
0.055027	0.0001306969432919732	0.00040963760179061205	0.0004299821575212503
0.055087	8.559954039976006e-05	4.245225194056187e-05	9.554828628225151e-05
0.055147	2.4206381397425186e-05	0.0001351069033765518	0.00013725823924398315
0.055207	0.0005589048733921056	-2.8522212688010225e-05	0.000559632177522045
0.055267	2.8285105136197563e-05	0.0002420705808343551	0.0002437174866070299
0.055327	4.3187158480236026e-05	0.000197029190975838	0.00020170679897859234
0.055387	0.0001621575983549524	-0.00028569232759617094	0.0003285044790433822
0.055447	1.7313680878214543e-05	-0.00010792916359189708	0.00010930904765479907
0.055507	-0.0006607623398779668	8.351583970300208e-05	0.0006660193430241371
0.055567	0.00023586617742907436	0.000278369811379166	0.0003648597066576084
0.055627	-0.00040357207478959107	-0.00039562869820147247	0.000565148198608619
0.055687	-0.00011001763500485686	-0.0002427250935508721	0.0002664945610164334
0.055747	9.527831012716317e-05	0.0003904916851247553	0.00040194740020587136
0.055807	-0.0004936058969740838	0.0001937323302814741	0.0005302631396994137
0.055867	-7.105804165486971e-05	3.752493177464503e-05	8.035773633270765e-05
0.055927	0.00030299279006061125	-6.203876490065237e-05	0.00030927890193013823
0.055987	-0.00020985297671162077	0.0003860566073119805	0.0004394063903540375
0.056047	-6.000647987578075e-06	1.639383443974582e-05	1.7457536593363366e-05
0.056107	0.00014006735705262782	0.00027383777111584845	0.00030758086644231325
0.056167	0.0001883423467789719	-0.00010253642044508567	0.00021444476470154706
0.056227	0.00041749791148968334	-0.0002221332268273708	0.00047291402660418907
0.056287	7.439112755039486e-05	5.307381326154803e-05	9.138309204847902e-05
0.056347	0.0003397635010159349	0.0001005822040051534	0.0003543388440252345
0.056407	-1.7263543618563793e-05	1.3684924419795879e-05	2.202968666698599e-05
0.056467	0.0004671141507277034	-0.00010247014438604687	0.0004782214552909153
0.056527	0.00018972952254477066	0.0002877240852821787	0.00034464828590395326
0.056587	0.00014414564260666003	0.0004807928234721433	0.0005019359574535406
0.056647	8.23306351007613e-05	-0.00012257302249347627	0.00014765662639814358
0.056707	-6.711566582545157e-05	0.00015318759426169703	0.00016724518419039756
0.056767	2.759748786853701e-05	0.00018609151154113897	0.00018812674452166526
0.056827	8.316939531008302e-05	0.0002971279120879014	0.00030854844750534806
0.056887	-0.00013395401048964535	3.451422766100772e-05	0.00013832898769706908
0.056947	-0.0003287760087125138	0.00018917404771294003	0.00037931581068158585
0.057007	7.706731026055875e-06	1.527515862428293e-05	1.710918391113315e-05
0.057067	-1.3593201156816983e-05	-0.00014312160620357512	0.00014376567490183783
0.057127	0.00024449189879930235	-3.350130520931192e-05	0.0002467764697640676
0.057187	-4.043820905463738e-06	-6.600626094210338e-05	6.613001565909771e-05
0.057247	-1.6256327592255868e-05	-8.187701525424673e-06	1.8201830761112494e-05
0.057307	0.0002268904029830218	-0.00033672395196755116	0.00040603235683187093
0.057367	-0.00012721184966455054	-0.00015914110513624765	0.0002037369530523671
0.057427	-8.49295604300414e-05	-5.7927209194638476e-05	0.00010280365654936338
0.057487	-0.00015778107675708806	0.0001971405572623894	0.0002525059751775224
0.057547	-3.8411670994906646e-05	0.00012325053686627224	0.00012909744887659586
0.057607	-5.509261261362641e-05	-8.43418592223857e-06	5.5734472786292645e-05
0.057667	-0.00013138874253705734	0.00013627827215685823	0.00018930073726092
0.057727	-5.724417151692788e-05	-0.00018476267913156323	0.00019342735786990537
0.057787	-9.802682493455865e-05	0.00027069222032566527	0.000287895009598272
0.057847	-0.00031318652676068186	-0.00041919422553515204	0.000523268190573854
0.057907	-0.0001691508393727437	0.000155635187455019	0.0002298571687693526
0.057967	0.0005152155598274311	6.516809150953425e-05	0.0005193206651379168
0.058027	-1.134128400715281e-05	-7.709938935524016e-05	7.792907391905681e-05
0.058087	-0.0005289302994533685	-7.363256685319096e-05	0.0005340309135070925
0.058147	0.00018137700631707125	-0.00036014166577757274	0.0004032364540187157
0.058207	-6.0322563970174946e-05	-9.89554493433267e-05	0.00011589215969458651
0.058267	-6.502135768548099e-05	-0.00012175751809559821	0.00013803141007779057
0.058327	-0.0001246634959215106	5.6653944230174316e-05	0.00013693303696408763
0.058387	-9.024831382398838e-05	-0.00046687058412102535	0.0004755133020910987
0.058447	2.743038834593576e-05	-0.00012404411719120744	0.00012704081712014786
0.058507	-9.962103347727348e-05	0.0002606332987546417	0.00027902341609765724
0.058567	-0.000168524520385973	-0.00010825437058273889	0.0002002985839230702
0.058627	-0.00046469758460430336	0.0004498735023608937	0.0006467843638056896
0.058687	-0.0003905497641560459	-3.5288835604485384e-05	0.0003921408168001177
0.058747	-0.0003670804645413699	0.00018676402996079178	0.000411860255833339
0.058807	0.00019659088105023853	-3.970833151433035e-05	0.00020056102837730214
0.058867	-0.0005401674036281157	3.448007179373969e-05	0.0005412667542840971
0.058927	-0.0003688774214810105	-0.00017886881908509868	0.0004099568349465305
0.058987	-0.00016231750765229524	0.000358129247601464	0.00039319655552667756
0.059047	-0.00027142671317073933	0.00027688995086378614	0.00038773767615750307
0.059107	-0.00010014773563929746	4.169788956340898e-05	0.00010848171711270458
0.059167	0.00011385109162377144	-0.0004452255680987389	0.0004595518224887909
0.059227	-0.000258264954597962	5.340588140305823e-05	0.0002637289800949545
0.059287	-1.3292415964381166e-05	-0.00015794289198210396	0.00015850124747092905
0.059347	1.6474311516173417e-05	-0.0003403643936211683	0.0003407628550547103
0.059407	-0.00012708599157852245	-9.795196309620404e-05	0.00016045384485856485
0.059467	-0.00036330752975991074	0.00018932426896070114	0.0004096779710916274
0.059527	-0.00011000684178323886	3.920253128147916e-05	0.00011678331943388961
0.059587	0.00034450359125031625	-0.00010494529138146093	0.0003601336398720685
0.059647	0.00032453408169573326	7.849679581978648e-06	0.00032462900001637655
0.059707	0.00039630639002596077	-0.0003198950726593311	0.0005093050287275079
0.059767	0.00011200385531969593	0.00036088177985259116	0.00037786310038961127
0.059827	0.00016550356318744466	0.00018184085178265023	0.0002458811192523335
0.059887	0.00047795128135656	2.6244626719351642e-05	0.000478671294086052
0.059947	0.00026020389329663407	-0.00026296698932948775	0.0003699428382382082
0.060007	9.88559273046999e-05	-0.00029776390313147584	0.0003137448587170203
0.060067	7.199288932848774e-05	0.00018441692488761663	0.00019797115521931146
0.060127	-0.00011052472426472698	-0.00040285010776627437	0.0004177366682505772
0.060187	0.00036232582968168613	0.0003132889270631928	0.0004789884744698235
0.060247	-0.00018089112669874034	2.4456717781041863e-05	0.00018253692986067575
0.060307	0.0005114272376724512	0.00018710136990982752	0.0005445775813007804
0.060367	-4.996083141874259e-05	0.00024166088144006518	0.00024677128336668603
0.060427	-0.00036428478850187635	-0.0005661544539381374	0.0006732267618327775
0.060487	-8.446048242402708e-05	8.52770336371993e-05	0.00012002393743441101
0.060547	-3.202084413977503e-05	5.769349349719721e-05	6.598388933167628e-05
0.060607	0.00026105003948199865	0.0002456345951609379	0.00035844591984486433
0.060667	0.0001401686307241199	1.930272148944505e-05	0.00014149148418181844
0.060727	-4.537621008123211e-05	-0.0003328047104485401	0.0003358838723994838
0.060787	0.0002738820926427289	0.00014298722700259174	0.00030896075439487626
0.060847	-0.00038538884143682513	-0.00031503009045944587	0.0004977635151343507
0.060907	1.9339154912026755e-05	-0.0003402572282341766	0.00034080637358816505
0.060967	4.066660501905312e-05	0.0002860381799942519	0.0002889145430368636
0.061027	0.0001495940570344166	-7.370563078605224e-05	0.00016676600945512288
0.061087	-0.0001839867193481833	-1.469021809236815e-05	0.00018457224982133287
0.061147	-0.00028306229138794724	0.00035753202510907165	0.0004560190892763032
0.061207	-0.00024056440035164837	-9.279083088255063e-05	0.0002578398126985479
0.061267	8.189678313987557e-05	0.0003950740619209082	0.0004034731682421341
0.061327	0.000142963059302581	-0.00017123906499446825	0.00022307230600263452
0.061387	0.00037016281140014764	-0.0002957162022015767	0.0004737811511533411
0.061447	-0.0005556149662448634	-0.00018091777653427626	0.0005843280179671235
0.061507	-9.952627674325733e-05	-0.00016679570051831053	0.0001942325551337092
0.061567	-6.909906165931326e-05	0.00040510194878571617	0.00041095287957645775
0.061627	2.4160498962518983e-05	0.00018578481227722658	0.00018734920918702112
0.061687	0.00010288521014334806	0.0003468011345475034	0.00036174078203829387
0.061747	9.759432911901606e-05	0.00019791629193481554	0.0002206705954345027
0.061807	0.000305772426085027	0.0002277574065681586	0.00038127445862603593
0.061867	-0.00041586237889277433	6.268463739618817e-05	0.0004205602001424398
0.061927	0.00072922738365643	-7.88035277140899e-05	0.0007334729531854515
0.061987	0.00019652597370639909	-2.3941551000603305e-05	0.00019797892869081486
0.062047	-4.156985208867747e-05	-0.00016109871888812203	0.0001663756287142702
0.062107	8.471196772204956e-06	-0.00020601361417200444	0.00020618770671154216
0.062167	-1.3418173183517886e-05	-3.634123178544466e-05	3.873928883273791e-05
0.062227	-0.00024788981867117994	-8.509305585023452e-05	0.00026208813470808177
0.062287	-4.018880947443342e-05	-3.292286460248548e-05	5.195243421251694e-05
0.062347	0.0005598632860332226	5.3394232398459185e-06	0.0005598887465277831
0.062407	3.985114267211049e-05	-3.1794270255300446e-05	5.0980282397609254e-05
0.062467	-0.00018688891659121102	0.00019214277417426985	0.0002680416251480749
0.062527	-0.00012945388693180038	-6.97779017572412e-05	0.00014706211074030782
0.062587	-0.00024157614192967997	0.0003338678710001949	0.0004121004581844476
0.062647	0.00040436794484557254	0.0001015855661858929	0.0004169329227536972
0.062707	-0.000311621668750129	0.00013787966657159597	0.000340762185238488
0.062767	0.00021504889436406866	-2.544657965720151e-05	0.0002165491985287839
0.062827	0.00012516058931258314	5.0413011978727384e-05	0.00013493200099991257
0.062887	0.0003729742117437332	-0.00036957018434683234	0.0005250636949780577
0.062947	5.738126746652614e-06	0.00041575660776584707	0.0004157962036858021
0.063007	-0.0001216664726479719	5.242911980565117e-05	0.0001324822371874623
0.063067	5.2789120064971256e-05	-8.141294381470101e-05	9.702967905651143e-05
0.063127	0.0006055252014841086	-0.0002087887277447861	0.000640510345322897
0.063187	0.000124716474567622	0.00011545139007775927	0.00016995064724637925
0.063247	-6.780322844226321e-06	-0.00022566627847478258	0.00022576811559325656
0.063307	-0.00012240954380492934	-0.00044773089755524803	0.0004641627441320112
0.063367	0.00016020748038887657	0.00020134599823512668	0.00025730652494224067
0.063427	1.4736907937328242e-05	0.000420422649848171	0.0004206808540460465
0.063487	0.00012904817002651312	-9.898552616508996e-05	0.000162639369702946
0.063547	-0.00030538546418549904	-0.00028552432545458787	0.0004180722690661151
0.063607	0.00012376496759249425	3.589941239082967e-05	0.00012886634554133212
0.063667	-9.280225608665578e-05	-0.0004027201154067732	0.0004132744246720549
0.063727	-9.645144981258714e-05	0.00013480905107244974	0.00016575995421694704
0.063787	0.00035444260486919716	-0.00020649421909421623	0.0004102065609736051
0.063847	0.00025825266605425715	8.667890556916382e-06	0.00025839808793959437
0.063907	0.0001645750780090017	0.00012710209320950793	0.0002079420553902155
0.063967	0.00018942944970484285	0.00012074224812986136	0.00022463794625782304
0.064027	-0.00021247599225279499	4.4782582114522e-05	0.0002171440235066434
0.064087	0.00022522749758309272	-0.0002652290667680202	0.0003479567265137677
0.064147	-0.0002828864481835444	0.0003417760459677374	0.0004436615919405714
0.064207	-0.00025350830786428945	0.00034373296848041145	0.0004271051577499046
0.064267	-0.0002008517614477797	4.22394222502903e-05	0.00020524521643320735
0.064327	0.000537016728937303	-0.00012944332576142725	0.0005523970870150382
0.064387	0.000256049181883656	-0.0004408929193911602	0.000509850713358871
0.064447	0.0001768029319837908	-5.777338755702467e-05	0.00018600279854851415
0.064507	-7.357734522100509e-05	3.5257918571580864e-05	8.158888742819814e-05
0.064567	-0.00019193381330180468	-8.531489654402858e-05	0.00021004099661944646
0.064627	-5.833016021661717e-05	7.90424025009703e-05	9.823496823444097e-05
0.064687	3.3157459202441284e-07	2.3725400130298124e-05	2.3727716979364583e-05
0.064747	1.4266872336421104e-05	-0.00012251637708677254	0.00012334425929378304
0.064807	-6.17086745699507e-05	-0.00014150475104793137	0.00015437472295138578
0.064867	0.000321111595330367	0.0003436775285618681	0.0004703476377042911
0.064927	-0.00016818861165593507	-9.359721060096522e-06	0.0001684488452589502
0.064987	-0.0002870416521533967	-7.043997448534339e-05	0.0002955582854132961
0.065047	-8.689833429979216e-06	-0.0001390490749740318	0.0001393203447317537
0.065107	0.0002870506710380832	0.00034275822439947684	0.0004470808519014161
0.065167	-0.0002113122744495177	-0.0001753683835988788	0.00027460325434909143
0.065227	7.815696524536336e-05	-0.00019183244048022214	0.00020714293721235804
0.065287	0.00034816883105788786	0.00010878797589472985	0.0003647689112568235
0.065347	-5.076029546068736e-05	-1.915975735071617e-05	5.4255911170992235e-05
0.065407	-0.00018485338130139667	-0.00031678108072403014	0.00036677108076188893
0.065467	0.00019407853847233235	-0.00028412464375343594	0.00034408326359120325
0.065527	5.2646463795040984e-05	3.371879936717577e-05	6.251885780215769e-05
0.065587	-0.0002490045798452864	0.0003739968000188357	0.00044930711902690414
0.065647	0.00019646911819969784	0.00045503873002850586	0.0004956413625113649
0.065707	3.600356412199838e-05	-0.0003691518467608194	0.00037090341410724487
0.065767	0.0002640811965668645	-0.00041282384916362504	0.0004900636783301312
0.065827	0.00015255315083354969	-5.094485583228577e-06	0.00015263819185446835
0.065887	-0.00012555732983685514	-9.464582785299866e-05	0.0001572338252595169
0.065947	-0.0003408077916903138	-1.652214548041265e-05	0.0003412080482170727
0.066007	7.662370183256734e-05	-0.00034770953038062524	0.0003560521158482858
0.066067	-1.4175519666223999e-05	0.00021066887809913776	0.0002111452617449818
0.066127	0.00019544206117417406	-2.2479780964883907e-05	0.0001967306275805543
0.066187	0.00030439641886840954	-0.00011666668108012036	0.0003259881812185263
0.066247	-0.0004396758731730787	-3.86296525097063e-05	0.0004413695996594349
0.066307	0.00021965387144704286	-0.00013058648793869555	0.0002555399265747666
0.066367	-0.0002574957719523621	-5.6226745259018967e-05	0.0002635631223365012
0.066427	0.0001325881143827253	0.00014290431513972843	0.0001949390965433088
0.066487	-0.0001703728598039859	0.00019881424602852336	0.00026182821807757626
0.066547	9.206005106372176e-05	0.00040370225165279927	0.00041406588967384786
0.066607	-0.00028416378134924847	-5.3671609749667785e-05	0.00028918799477817904
0.066667	-5.956024557517643e-05	-7.724434768849106e-05	9.754031014301635e-05
0.066727	-2.228140831480444e-05	-0.00023198803465607144	0.00023305559289593897
0.066787	0.00011715319958585576	0.00013917690818814087	0.00018192054294667644
0.066847	-8.511899610463176e-05	0.00015383331916642466	0.00017581221113341188
0.066907	3.660277884355607e-05	0.0003127848347842689	0.0003149192218491794
0.066967	0.00037348195486669217	-0.00010125002324766862	0.00038696296698611783
0.067027	-0.00018620632252928305	1.2985494294200512e-06	0.00018621085032967342
0.067087	-6.975281632578699e-05	1.4197542658650762e-05	7.118304294509461e-05
0.067147	-0.00014585235707048158	-9.094461601226469e-05	0.00017188319651622008
0.067207	9.417618713230772e-05	5.2552435132857854e-05	0.00010784670908828269
0.067267	0.000391810911235617	0.00014758882606003817	0.00041868634052362485
0.067327	-3.016711901222233e-05	-3.91603889160402e-05	4.943269292232732e-05
0.067387	0.00013512292451165825	-0.0003429200094529942	0.00036858152098528344
0.067447	-0.0003554003433950409	-0.00030701206949536834	0.0004696443493763572
0.067507	-6.244529784652994e-05	0.0001063571426693886	0.0001233339248541881
0.067567	-0.0004174663271857098	-0.00023138923434272494	0.0004773040038629873
0.067627	0.0001123431954409629	7.419146754380454e-05	0.00013463048472834744
0.067687	-6.710703151493359e-05	-3.574384145693333e-05	7.603272901089816e-05
0.067747	0.00021712872144239289	-8.932426786011743e-05	0.00023478438300695014
0.067807	9.688219827427871e-05	0.0002482043145554673	0.00026644238046227934
0.067867	-9.365251985437456e-07	6.270602173031498e-05	6.271301492266373e-05
0.067927	0.00039045788280082157	-0.00012881590825034793	0.000411157994522376
0.067987	-0.0001899076040747427	-6.94723192743805e-05	0.0002022159766951432
0.068047	-4.4113378973414244e-05	0.00010431966444511801	0.00011326333296523675
0.068107	0.00023470998888025946	-0.00014152628612075074	0.00027407748638533615
0.068167	-4.20643874202093e-05	-7.46213069328308e-05	8.566068022961996e-05
0.068227	0.00037905574827753476	4.7427939006121826e-05	0.00038201134760712307
0.068287	0.00011161154495709406	0.0001717735403909606	0.0002048494231042753
0.068347	-0.00017972722882165473	-6.277403876086773e-05	0.00019037451699810656
0.068407	0.00022716561019576296	4.26718137120167e-05	0.0002311386989257454
0.068467	0.00016330481273842506	-0.00025375086599068114	0.0003017581214392625
0.068527	4.079239256591711e-05	-0.00033934719654870655	0.00034179019748482896
0.068587	5.4697000352033705e-05	0.00021265819158204196	0.00021957975383549104
0.068647	-0.00020246763979499225	0.00019802982111816203	0.0002832118557127261
0.068707	0.00022403602061834099	-0.00018346843756731514	0.0002895734900122826
0.068767	0.0007620365188912827	-0.0004432925353969892	0.0008815939700693485
0.068827	0.0001986405269119797	-0.00019325995455226426	0.000277141604537125
0.068887	8.354903772666479e-05	-1.4905693501668588e-05	8.486825910679058e-05
0.068947	0.00014174060716167793	-0.00032644913320909824	0.0003558924504559385
0.069007	0.00024108843057322723	-0.00024410800697140993	0.00034309233512833787
0.069067	-0.0003601985692452301	-0.00048673208097232187	0.0006055172399973082
0.069127	-7.538533526287916e-05	7.523364831114608e-06	7.575981646677046e-05
0.069187	-3.026589617618008e-05	-0.00021959519668014426	0.00022167109616803575
0.069247	3.5061734874501714e-06	-3.254151814689655e-05	3.27298587810717e-05
0.069307	0.00036245662755710187	0.00023592553808587967	0.00043247620325421315
0.069367	-1.8903194559810908e-05	6.365972155370823e-05	6.640700951602721e-05
0.069427	-1.7156152402262505e-06	9.287177971505696e-05	9.288762459603842e-05
0.069487	-0.00014320818293455005	-0.0002431394919165901	0.0002821797232064578
0.069547	-9.151802811899174e-05	0.00020075030177969677	0.0002206269093638124
0.069607	-0.0002826217868778301	5.5857909035065305e-05	0.0002880888411927599
0.069667	0.00016918772151353184	9.137296689472396e-05	0.00019228495570398826
0.069727	-0.00011470614986498774	3.570962972604763e-05	0.00012013608313916536
0.069787	8.351090161978216e-05	-8.5286512150156e-05	0.00011936439939985305
0.069847	-0.0003910360512105811	-0.00017325817373515297	0.0004277003485062932
0.069907	0.00043195286817758623	1.3271735760641027e-05	0.0004321567068748829
0.069967	-2.8603274882784466e-05	-0.0004010848770470045	0.0004021035015140142
0.070027	0.00022809303393829197	0.00017562136830971727	0.000287870278316731
0.070087	9.917554569590635e-05	0.0002070031375552327	0.00022953450246486126
0.070147	5.67974881114748e-05	-0.00015892056302853493	0.00016876522156261835
0.070207	-6.175117761230357e-05	-8.664065229889805e-05	0.0001063945983933621
0.070267	0.00035665133005075423	-0.00022024845991334597	0.0004191772361676774
0.070327	2.954206726813988e-05	0.00020906959853125644	0.00021114646757285817
0.070387	0.00016571524576175056	2.5851617319894686e-05	0.0001677195540058811
0.070447	0.00011409079674874403	-4.0647578595840394e-05	0.00012111538113909498
0.070507	0.00017303370921306765	-7.640338923004757e-05	0.00018915110998847086
0.070567	-0.0005804827386316406	-0.00016679324337563945	0.0006039703601047445
0.070627	8.98899362876218e-05	-5.646839117559589e-05	0.00010615498032477242
0.070687	0.0001940887193472104	7.138036752694888e-05	0.00020679842321962347
0.070747	0.00014070652472330218	-0.00021706707736794624	0.00025868212573885194
0.070807	-0.0001964858223076916	0.0003648831339592365	0.0004144229479841143
0.070867	0.0001043183598138424	-0.0004145691057182578	0.0004274925304730906
0.070927	-2.5232645130902545e-05	2.726184353246547e-05	3.71469311396068e-05
0.070987	0.00011696468010158784	-5.939765575957604e-06	0.00011711540123469718
0.071047	5.819477308754248e-05	-7.017111284089825e-05	9.11625838381111e-05
0.071107	0.0001998082645681065	-5.867513662702205e-05	0.0002082453222713974
0.071167	4.962815660321716e-05	-0.0004947789468960428	0.0004972616617228705
0.071227	-1.5061628423723788e-05	-3.163716343960695e-05	3.5039445790119555e-05
0.071287	4.764684094556908e-05	-0.00011388441455554431	0.0001234499142597978
0.071347	0.00019713097285459718	-0.00018108054845934667	0.00026767664352523874
0.071407	0.00014072683433275857	-7.764742634912961e-05	0.00016072698815060022
0.071467	0.0003461688692368625	0.00025117066233874775	0.0004276909955194442
0.071527	0.00020275683153713037	-0.00019114657682302053	0.00027865273471856534
0.071587	0.00016819648189066676	-8.335972230315321e-05	0.00018772027014378657
0.071647	-3.600236299420542e-05	-0.0001985669626031936	0.00020180438245643876
0.071707	0.0001184378506985177	9.43083165761066e-07	0.00011844160537556856
0.071767	4.834761551346947e-05	5.0587474499852335e-05	6.997559933370691e-05
0.071827	0.0001777406324687277	0.000439956306298578	0.000474503196914701
0.071887	-0.0002924526042946952	0.00040101386673374215	0.0004963271572979833
0.071947	0.0001353620104370528	0.0001122338697902661	0.0001758388904584512
0.072007	0.0002556321634644449	-0.00019002008711760526	0.00031852070027816866
0.072067	0.0004844880440547672	-0.00028408578464166864	0.0005616345768090553
0.072127	0.00023349864042175757	-7.165789602534727e-06	0.00023360856923374416
0.072187	9.541947924717713e-05	-0.00011638484744339464	0.00015050019845244295
0.072247	3.2902183875371707e-06	-0.00012846899833295934	0.00012851112430335203
0.072307	7.701388821021563e-05	2.0906825960933498e-05	7.980121771637544e-05
0.072367	0.0003921718006916749	0.0005019790924060659	0.000637009992441695
0.072427	2.5192679830455655e-06	6.174130527898813e-05	6.179268151426677e-05
0.072487	-0.00022291825231497112	7.099734237998568e-05	0.0002339512125212905
0.072547	-0.00017379645800218174	-0.0003465833364533148	0.000387717961824334
0.072607	-0.00026645298042543455	-0.0003163661296518307	0.0004136238856358225
0.072667	0.0003754442494235796	-0.0002057935844065072	0.00042814645135527316
0.072727	-0.0001394008091593233	-0.00010173906154897017	0.00017257874214149092
0.072787	0.00013720634189741873	-0.00011971061125675529	0.00018208846944366727
0.072847	0.00026944758721168447	0.00027425060698622867	0.00038446768093887055
0.072907	0.00021160868918234207	1.24184309703653e-05	0.00021197276892382847
0.072967	4.423492969480107e-05	0.0005216575595456475	0.0005235296920292342
0.073027	-1.4141737649557937e-05	-0.00028303411939120806	0.0002833871935767485
0.073087	5.924490999272711e-05	-0.00012658591933007246	0.00013976392357359588
0.073147	0.00016426073766043125	-6.678183174296839e-05	0.00017731723826998647
0.073207	-0.00019606693783852055	0.00026041901258477753	0.0003259759289104102
0.073267	-0.00014861495031463456	2.722064303001664e-05	0.00015108728227084136
0.073327	0.00017060587022917575	0.00017632898952657665	0.0002453533686422869
0.073387	-4.187139385393683e-05	0.0005189499996785702	0.0005206364526132026
0.073447	-1.89339194299736e-05	-0.00019093204085317186	0.00019186854231305876
0.073507	-9.538716089350472e-05	0.00021047618574551375	0.0002310820962976218
0.073567	4.934945564638796e-05	-0.0001482761716296604	0.00015627281224110394
0.073627	-0.00022758831894796825	-0.00027207479770852594	0.00035471275487314725
0.073687	9.971083223290242e-05	0.00010908977644728818	0.00014779319805017187
0.073747	0.00018202283293394602	-0.0001942074558192897	0.00026617446835694176
0.073807	0.00011416254961609741	-0.00013384063269285837	0.00017591589665085
0.073867	0.000173069982155341	-6.368762483332995e-05	0.0001844161931072243
0.073927	0.00010052646939494607	-0.00028909229888602695	0.00030607176989101915
0.073987	-0.0003671166569911089	-0.0001743904579695462	0.0004064316322226354
0.074047	0.000154605856302549	-0.0001924740815457929	0.00024687900451423765
0.074107	-0.0001698173503674131	-0.00027882431142817556	0.0003264673477228695
0.074167	1.607418184505286e-05	6.180455987925997e-05	6.386065254800375e-05
0.074227	0.00013874746098996893	-2.800615782914697e-05	0.00014154576223792092
0.074287	0.00016188807882440518	-0.00013750278832849722	0.00021240237019291554
0.074347	6.767527676293775e-05	-6.0961411133215256e-06	6.794929007291946e-05
0.074407	-9.80088265196193e-06	0.0002609231166064627	0.0002611071237641502
0.074467	7.254357588179166e-05	7.706797656241126e-05	0.00010583970622191671
0.074527	0.00025983086453160436	-0.00027989555514259645	0.00038190784222351756
0.074587	0.0003698742746588628	-0.00023043467830812395	0.0004357833406882237
0.074647	-0.00014091885082596488	0.0004720265396062791	0.0004926126029759985
0.074707	0.00020253133004468732	4.5552083146362544e-05	0.00020759077997021736
0.074767	-7.029798344993555e-05	-4.743954823980245e-05	8.480753041047685e-05
0.074827	0.000262385262656875	-0.00032319493995031643	0.0004162943613226174
0.074887	5.606848903670164e-06	-0.00011284434702342159	0.00011298355371367544
0.074947	-0.00029356329965559704	-6.10559700441782e-05	0.00029984536411743545
0.075007	-0.00019890078910286273	-4.05033575561307e-05	0.00020298287090062857
0.075067	-8.589331461893984e-05	-0.00024002756062092883	0.0002549331115290084
0.075127	0.0002728257477980523	9.139854566450868e-05	0.0002877283142326346
0.075187	4.46122985666613e-05	0.0001349612854866907	0.00014214360964750038
0.075247	-6.296469525529549e-07	-0.00023843185865908448	0.0002384326900383219
0.075307	-6.0046717946406496e-05	-0.0002466054771581778	0.0002538106965841823
0.075367	0.000213406807081001	-0.00022233498104851502	0.0003081806436269986
0.075427	0.00024643839573246045	0.0005291077598735166	0.0005836839079926392
0.075487	-4.1649023940685704e-05	-0.0002537045119397165	0.00025710040951694646
0.075547	0.0005550374105401513	0.000284356108589112	0.0006236384558308278
0.075607	-0.0003145185011216838	-0.00017592139742804498	0.0003603751179269551
0.075667	0.0004489828989354344	-9.411848345163476e-05	0.0004587416838087663
0.075727	9.760065180206535e-05	-0.00040525470296172786	0.00041684201024463246
0.075787	-7.687715272832001e-05	9.386344323400571e-05	0.00012132783105024523
0.075847	0.00011342618725553444	-0.00013565825042565277	0.00017682946831305206
0.075907	0.00017488836708496455	0.00024861464840047174	0.00030396576179059296
0.075967	0.00013315222261062762	-0.00031251799725184285	0.00033970135853783834
0.076027	-2.8693560769718602e-05	0.00038407763437656406	0.00038514795813809416
0.076087	-0.00022294820782924453	0.0001154206968863994	0.0002510534617248169
0.076147	9.085657153138152e-05	-5.531584214876179e-05	0.00010637085589137551
0.076207	0.00018819684497326704	1.8533905489834365e-05	0.00018910726614965916
0.076267	3.904881085179644e-05	7.118341769433353e-06	3.9692321908472865e-05
0.076327	0.00033549385203456315	0.0002568582617780879	0.00042253081709699007
0.076387	-0.0001237309556569585	-0.00011149457758100413	0.0001665544662197648
0.076447	-0.00033639190907255607	0.00011254398364633115	0.0003547191350131319
0.076507	9.217435334567182e-05	-9.056685456974522e-05	0.0001292225466447328
0.076567	3.581099092403777e-05	-0.0002274969346486058	0.00023029824650976725
0.076627	-0.0005096937805968631	6.425611144980243e-05	0.0005137281361165384
0.076687	-0.00024101925255557108	-0.00018139901263127656	0.0003016552367953326
0.076747	0.00022255433376400927	0.0002993609193100848	0.00037302465265357616
0.076807	-0.0003350236501119732	-0.00022883161666966166	0.0004057151154714362
0.076867	0.00011522644525804145	1.2714807675267474e-05	0.00011592583845296726
0.076927	0.00013478863714104958	-0.00020269525075288677	0.00024342009239197403
0.076987	-2.698385030848591e-05	-4.179879820993903e-05	4.975206236193609e-05
0.077047	4.550328739372483e-05	-0.0001227444427497964	0.00013090740005665822
0.077107	7.371580520054927e-06	-0.00016725135979343093	0.00016741373167131584
0.077167	1.1174734561785081e-05	2.7665539903143013e-05	2.983717129117223e-05
0.077227	-0.00025338547282239594	-5.5782997969690165e-05	0.0002594531570436475
0.077287	-0.0003540616908424278	-0.00028959294114609365	0.00045740982989420304
0.077347	0.0002018834181506771	-0.00011082039856670418	0.00023029996800408878
0.077407	-0.00019779221861083372	6.314054899229137e-05	0.00020762584297250616
0.077467	-0.0001593919997531619	-5.861079337344444e-06	0.0001594997236245587
0.077527	-0.0002635970898135346	0.00015149453594894325	0.00030402963701019393
0.077587	-0.00013389988898503013	-0.00018488585096719577	0.00022828043752820242
0.077647	-0.0002596553557528261	-3.174177327579167e-05	0.0002615883100251585
0.077707	0.0001509755969585241	-3.934349619963947e-05	0.00015601776043192567
0.077767	0.0001093735074718193	-3.517628513468343e-05	0.00011489097080521456
0.077827	0.0002571971984719548	-0.00011606673088488474	0.00028217350144924377
0.077887	0.000240171573071521	-8.189497077167718e-05	0.000253750213299108
0.077947	-0.00014494731305578988	-0.0002083539060735184	0.00025381306849369615
0.078007	0.0001071989677697021	-0.00026462558590895156	0.000285514131714256
0.078067	-8.375511590034378e-05	-8.709445892500847e-05	0.0001208319668586091
0.078127	0.00015890329676169018	-0.00016023702541504637	0.00022566825659714747
0.078187	1.5604291052767155e-05	-0.0001587212338700033	0.00015948643823371236
0.078247	-4.81166114057827e-06	0.00037325679772077255	0.00037328781004433763
0.078307	5.587955350240679e-05	-0.0002714887095669609	0.0002771798043183558
0.078367	0.0001959600513348853	0.0003124325496144843	0.0003688013554446053
0.078427	-0.00010303198734267261	-0.00040202166853215197	0.0004150144725008468
0.078487	5.1061236499611085e-05	-9.026610040464226e-05	0.00010370737078496481
0.078547	-5.341817625303609e-05	0.00034643043791957474	0.0003505246779776693
0.078607	0.0003135226185882404	-0.0001440303892758279	0.00034502345630605145
0.078667	-0.00012257384192168879	-0.0004015126265941088	0.0004198055931475228
0.078727	-8.066890243598604e-05	4.783892013248999e-05	9.378717449454051e-05
0.078787	0.0002908655821261182	1.534314280060953e-05	0.00029126997596141886
0.078847	-0.00022089567617760214	0.0002750119361906999	0.0003527413568059715
0.078907	9.694643752692936e-05	-0.00012828931142946245	0.00016080037057236037
0.078967	-0.00015556247098469307	-0.00017678595605887583	0.00023548451464695987
0.079027	6.61182059878479e-05	3.318216950011546e-05	7.397752047606002e-05
0.079087	-0.0002604572140946306	-0.00029880883063894756	0.0003963895528917879
0.079147	-0.00026105278803711777	-0.000253507409261189	0.0003638881211200392
0.079207	7.488333964863073e-05	-0.00014254084448869601	0.00016101368545711514
0.079267	0.00011642153625333373	-6.698582608470263e-05	0.00013431706890725515
0.079327	9.529271303557588e-06	0.0002672581650021408	0.0002674279973598283
0.079387	-0.00032067760176904253	-0.00038626640870820076	0.0005020317348262711
0.079447	-0.00011276929602977437	-8.291581947266174e-05	0.00013997123720919924
0.079507	0.0001299364611268974	-0.00010980992422801606	0.00017012261280953907
0.079567	0.00038880182081692846	3.7421537686974825e-05	0.00039059855011689
0.079627	-0.00016714294984476288	0.000157286280243219	0.00022951195967870028
0.079687	0.00017964892212910942	-0.0004616631282801198	0.0004953852836283464
0.079747	9.742252983505318e-05	0.00010445601843867087	0.00014283630178467158
0.079807	-0.00010178443821062425	-0.00016438031748624698	0.00019334156469505396
0.079867	0.0003727845286535357	-0.0004589907551522059	0.0005913043362927681
0.079927	-6.384116046993026e-05	-1.0962530670425322e-05	6.477554205753436e-05
0.079987	-0.0002970921671507593	0.00010931872478243478	0.0003165664849133471
0.080047	-0.000116244841757261	0.00013840498163566274	0.00018074513043714013
0.080107	-0.00031138223836104165	-3.995585670772553e-05	0.0003139352940527408
0.080167	0.00025853060764349843	4.524014174589274e-05	0.00026245903587742027
0.080227	7.971010957593552e-05	-3.810329081676025e-05	8.834909359848721e-05
0.080287	-6.640496490527655e-05	-0.00018167321354208615	0.0001934289944211556
0.080347	-6.748644747648863e-05	-0.0003480992174885266	0.0003545807183267604
0.080407	-2.8650566496669986e-05	-3.9309081097782406e-05	4.864215062404358e-05
0.080467	0.00029983852876049727	0.0002182895460806638	0.00037088201527893177
0.080527	-4.7817114332691446e-05	-0.0001454699846518744	0.00015312737461904797
0.080587	8.135753111168743e-05	0.0002191436693580208	0.00023375841308557587
0.080647	-1.4063498834899864e-05	-0.00023909152428831123	0.00023950477862870993
0.080707	8.886651340107011e-05	-0.0003084706020763275	0.0003210161515397544
0.080767	3.956566282877313e-05	-3.221759336210799e-05	5.1023670949141877e-05
0.080827	-7.953123439700974e-05	0.00023820344932414406	0.0002511296488163677
0.080887	0.00010044806354867972	3.29485078288201e-05	0.00010571384790473488
0.080947	-0.00019435172957473266	-0.00010293637195264392	0.00021992837802217128
0.081007	-0.0002574316529277359	0.0003590267980123699	0.00044178195710114885
0.081067	-2.584181707054986e-05	-0.0002562405135310473	0.0002575402886621093
0.081127	-0.0001546037090862313	-0.00023877515629644857	0.0002844571709899638
0.081187	0.00032572457213307735	0.00034093979650636917	0.0004715256533138793
0.081247	0.00032126324643160236	7.389609107408729e-05	0.0003296524014531098
0.081307	-0.00028686391723196865	-0.0005325987997856485	0.0006049399875547848
0.081367	-0.0002268459667959366	-8.53615333147914e-05	0.00024237508952331592
0.081427	0.00012858798111459717	-0.00030148379754248205	0.0003277611158569062
0.081487	-0.0001415007271682814	-5.05649883477805e-05	0.00015026401377496738
0.081547	-0.00030085757896642046	0.00011148660328696414	0.00032084972422304005
0.081607	0.0006191823141366326	-0.000252815564448215	0.0006688067342415634
0.081667	5.80540686627471e-05	-3.109607253264028e-05	6.585773011009551e-05
0.081727	-0.0002311554692016345	-9.059054184247807e-05	0.0002482730295725687
0.081787	0.00024256877312809412	0.00040243552654640406	0.0004698871808461583
0.081847	0.00015488913404943132	-5.177367234750606e-05	0.00016331306437309176
0.081907	2.1550388624021563e-05	-1.9636168687916757e-05	2.915473153000522e-05
0.081967	0.00011426511339586172	-0.0001376030420380753	0.0001788605974425375
0.082027	2.372625636456015e-05	-4.255002951027327e-05	4.871796642309649e-05
0.082087	0.00022625154462094582	-5.198380359933002e-05	0.0002321466719124303
0.082147	-0.00013995185271964796	-4.482616684841954e-05	0.00014695545690441162
0.082207	6.964498561378839e-05	-7.341186792598662e-05	0.00010119153311185326
0.082267	5.604688398781283e-05	0.00017336935083453933	0.00018220369099865383
0.082327	2.0425516487471615e-05	6.32500320537339e-05	6.646629430454463e-05
0.082387	-0.00021383588302794582	5.211666243926367e-05	0.0002200952779460511
0.082447	-0.0005184374933816895	-0.00025191064532205306	0.000576399520966545
0.082507	-1.0958535115827638e-05	0.00015447618827696812	0.00015486439951281937
0.082567	-3.1384878328451796e-05	-5.597462973081326e-05	6.417296752678161e-05
0.082627	-0.00028112441650956664	0.0002092261570452861	0.000350437615489238
0.082687	-0.00024252464752264698	0.0001899111997207375	0.00030803322618729625
0.082747	-8.674951064258032e-05	-0.00031135921598013296	0.00032321825284548864
0.082807	5.122718422981889e-05	-0.00010071116741374012	0.0001129909892246023
0.082867	0.0002294319737222686	0.00015642473413018834	0.0002776827830705315
0.082927	-0.00013430817739684252	-9.804908305142352e-05	0.00016628983493553257
0.082987	-5.000211027577548e-05	-0.0003596302482028559	0.00036308969477868487
0.083047	0.00035171109373148876	0.00024412651421173187	0.00042813368051926375
0.083107	-0.00030036559791099727	0.00019180923773778836	0.00035638501103439006
0.083167	-7.331501260431474e-05	0.00025658972093628993	0.00026685834437643874
0.083227	-0.00035918845959599253	-5.520936817146289e-05	0.0003634066920694143
0.083287	0.00045787497270945827	0.00027826595950967195	0.0005357998085624196
0.083347	-1.893801955507093e-05	0.00024129579469009868	0.00024203782580372536
0.083407	-0.00016964543019153464	-0.00036153074782953635	0.00039935454625064014
0.083467	-0.00021942756241111324	3.659933558186489e-05	0.00022245890971304557
0.083527	0.00027505071261770187	-0.00024349699203948629	0.00036734681112510464
0.083587	-0.0002309016432303756	-0.00034718082807126715	0.0004169533501804949
0.083647	0.00013385746468972645	2.284713648352846e-05	0.00013579327118328928
0.083707	-0.0004084944746389494	-0.00026866556566490203	0.0004889262950431211
0.083767	0.00013753035743465318	0.00025838022262757914	0.0002927028162850177
0.083827	-0.00025623678958416006	-0.00020792191511678163	0.0003299830527803318
0.083887	5.47760112283904e-05	-0.0003694423018451461	0.00037348095774581704
0.083947	5.90146804494279e-05	-0.00019034412807184724	0.00019928276292740393
0.084007	-0.00034080700047537505	-6.927091615876847e-05	0.0003477756049502285
0.084067	-0.00026714853410670584	0.0005354817376590942	0.0005984221174403271
0.084127	7.830242568731721e-05	0.00034803739283940027	0.00035673701333470415
0.084187	-0.00016083341655030863	0.00025070384525233125	0.00029785870123860735
0.084247	0.00020367616400327994	-1.0547027491734203e-05	0.00020394906121873273
0.084307	-0.0002450497885117132	-0.0002795713266826167	0.00037176541737056956
0.084367	2.083351352768293e-05	-0.00016191851565366302	0.00016325330317452588
0.084427	0.00013687429804184106	-0.00018179401064132922	0.0002275601805446341
0.084487	0.0004062819070223635	-3.685022753565953e-05	0.00040794966263395574
0.084547	-0.00012006175397810974	0.0001513536605742746	0.0001931909815119041
0.084607	0.0004938210225704997	1.5128383109730363e-05	0.0004940526999299657
0.084667	-0.0001627644461892614	-0.00030475330576064657	0.0003454950684385222
0.084727	0.00027694420717964507	0.00013958542291307008	0.0003101325268013383
0.084787	-0.00016862343524107933	0.0001959436327626933	0.00025851067701884907
0.084847	-0.0002939620911647196	-1.397167510465399e-06	0.00029396541143302424
0.084907	0.00028327470212304105	0.00013836536643192045	0.00031526105292398117
0.084967	0.0001226546930934871	1.5908462086150652e-05	0.00012368206379182072
0.085027	0.00022468240245043097	4.9071403675642946e-05	0.0002299786612483761
0.085087	-0.00027145049689857064	8.442718671307318e-05	0.00028427684063737067
0.085147	-0.00013099380643407564	-0.00015266843166747172	0.00020116418009152016
0.085207	7.990999746847947e-05	-0.0003540045954906141	0.00036291164396294275
0.085267	-0.0004640297844954752	0.00039597837716037407	0.0006100184555220281
0.085327	0.00012421356517401178	4.532299145128648e-05	0.00013222398922786992
0.085387	0.0002147818267760973	-0.000202187411640041	0.00029497624063469394
0.085447	-0.0003691179525232804	0.00021439475982675058	0.00042686435306329897
0.085507	-4.7000697172701816e-05	-0.00012470381065903555	0.00013326704741834948
0.085567	-4.186922008797984e-05	-7.935365181553691e-05	8.97219797331577e-05
0.085627	9.983328311964813e-05	2.6771772111668423e-05	0.0001033605930732159
0.085687	0.00016382566714428807	-4.4709671920827105e-05	0.00016981697199791032
0.085747	2.0596291260738872e-05	-0.0003363833649978468	0.00033701331644457583
0.085807	-5.3327335483053636e-05	-0.0001996734238337945	0.00020667191607771066
0.085867	-0.00014108705854900484	5.12321043067961e-05	0.00015010092138862023
0.085927	0.0002431591632281551	3.626366609689471e-05	0.000245848392593085
0.085987	0.00020409602922951748	-0.00022731636152560644	0.00030549618224209657
0.086047	-0.00018100583303287557	2.1570271640402936e-05	0.0001822865552106518
0.086107	0.00022579673269783467	-0.00016659267864609057	0.00028060164838342806
0.086167	9.91810796849132e-06	0.00036959980778982903	0.0003697328586749536
0.086227	-0.00011114338752147933	-9.131827017126517e-05	0.00014384672070235702
0.086287	0.0004293569359143322	0.00017465110164861537	0.0004635195634758245
0.086347	3.973812269383009e-05	4.189960334351439e-06	3.995840540904169e-05
0.086407	-0.0002604267863111426	-0.00024158072342653122	0.0003552229679506038
0.086467	-0.0002211907120769396	-2.3815611078253836e-05	0.00022246913143205788
0.086527	-0.00015547051243770279	-0.00030751462175057144	0.00034458137330395405
0.086587	0.0001911162270213887	0.00014127433995176145	0.0002376633151323461
0.086647	-3.4869846234592336e-05	-0.00011323041556263401	0.0001184779860772072
0.086707	6.018403856485635e-05	0.00024389762468211937	0.0002512133949922975
0.086767	0.0001383435997375102	0.0002552870345186952	0.0002903625691815009
0.086827	-0.00035888079821145993	0.00027800536548361934	0.00045396300572026285
0.086887	-0.00020751932860478637	-0.0003573275465442062	0.0004132157393709528
0.086947	-0.00021124898174694565	-4.3192669983777295e-05	0.00021561943101086432
0.087007	0.00029777278460025463	-0.0001718650629619084	0.00034381133069677966
0.087067	0.00032749287357379433	-8.276443032440253e-05	0.000337789184504987
0.087127	-0.00031409130425432113	-0.00014131601974162272	0.0003444177185392692
0.087187	-0.00013259618184546107	5.0896530259674266e-05	0.0001420288852046249
0.087247	-6.136260076083881e-05	2.5043002923349135e-05	6.627609499323997e-05
0.087307	0.0002598977335317999	3.291203515175344e-05	0.0002619733458823564
0.087367	-0.0003955478850094609	6.69585731278204e-05	0.0004011752483027478
0.087427	0.00021411074806538654	-0.0001148891358268333	0.00024298750167067436
0.087487	6.658253156447997e-06	-0.00017067177177203526	0.0001708015983967979
0.087547	5.2278295367611584e-05	9.097548399035455e-05	0.00010492644496895192
0.087607	0.00031382075834902336	-0.0002703249081716588	0.00041419684251424693
0.087667	0.00030572420376518664	-0.0003009448887850097	0.00042899314080026876
0.087727	-9.61757753806445e-07	9.889245245607586e-05	9.889712903190987e-05
0.087787	0.00010842002975371853	6.700459930630308e-05	0.00012745398848210064
0.087847	-0.00013263491854021586	-0.00036878301886726417	0.0003919093474529826
0.087907	2.8445303772382e-05	-3.91509360208245e-05	4.839350264250133e-05
0.087967	0.00028772917828696367	-1.7113631058172186e-05	0.0002882376734670306
0.088027	-3.4917604212518395e-05	3.259774859319414e-05	4.776873765641262e-05
0.088087	0.0002635624296857919	8.172747485608215e-05	0.00027594299137363417
0.088147	-0.0006048327037314667	-0.00037759294337164724	0.0007130210588665528
0.088207	0.00020082379762642648	-5.967805344130629e-05	0.00020950338363769525
0.088267	-6.611430779031912e-05	-0.0001379408395308556	0.0001529665875446998
0.088327	0.0004481848866928672	-6.01153022364737e-05	0.0004521985650385025
0.088387	-0.00025192449127988347	-1.26838287530023e-05	0.000252243590242574
0.088447	-0.00010496023628978014	0.00011568248291796844	0.00015620207442947913
0.088507	1.9186635237224858e-05	-0.0002631345527840589	0.00026383312877762907
0.088567	0.0004653501630148267	6.904341284119456e-05	0.00047044422312818914
0.088627	0.0001843950308422632	-0.00020966528385304618	0.0002792150759763835
0.088687	-0.00043383353261066386	0.00011555290406665263	0.00044895880396277445
0.088747	1.1289365293152545e-05	-5.6863560513723036e-05	5.797339288863538e-05
0.088807	-5.648723553474648e-05	-0.0003871817479136455	0.00039128060735976126
0.088867	-0.0003969523476298002	-0.00018466893867893469	0.0004378056454656722
0.088927	5.42320909064882e-05	-2.3753258397514785e-05	5.920588626638999e-05
0.088987	0.00033825740389464647	4.4263338955328845e-05	0.0003411411943243154
0.089047	0.00013246003305156077	-0.00023780136933827467	0.000272204246137306
0.089107	1.3193808637770047e-06	-2.2497174190234256e-05	2.2535829525656322e-05
0.089167	-0.00024722935378617545	-0.00011833614846164608	0.00027409085611575343
0.089227	2.03759047351456e-06	-0.0003948200293703934	0.00039482528714227015
0.089287	-1.3170429391308037e-05	-6.93859130941243e-06	1.4886378327534348e-05
0.089347	-0.0002666042227358142	-0.000163509429740079	0.0003127509315645494
0.089407	-0.0004835258833424031	-7.685908402419979e-05	0.000489596362996183
0.089467	-0.00024139823056493692	-0.0004373505021051068	0.0004995483634358855
0.089527	-0.00035792268759632004	6.0074016139168447e-05	0.000362929108382425
0.089587	9.421855210365221e-05	-9.537079654435014e-05	0.0001340623899310036
0.089647	7.522713995218202e-05	0.00015009994472273258	0.00016789614644521344
0.089707	-4.4887947671197435e-05	-7.71988600273942e-05	8.930057018665313e-05
0.089767	0.0002145465598662117	-0.00020900191381550547	0.0002995196593363613
0.089827	1.0215827062769002e-05	-0.0002634761559642743	0.00026367413199684
0.089887	0.00046947433548330146	7.657920506982409e-05	0.0004756790160671518
0.089947	7.58773014988466e-05	-0.00013038870204235548	0.0001508594660703697
0.090007	-0.0002522240797757705	-7.487176578309745e-05	0.0002631022001622435
0.090067	5.506481347682222e-05	6.867366271536563e-05	8.802389240417071e-05
0.090127	0.00019781729725853867	9.50389469644382e-05	0.00021946317352754732
0.090187	-0.00013329112904457777	-0.00018412355428030727	0.00022730597951393962
0.090247	0.0002843370290485697	0.00046545696948773987	0.0005454335308109303
0.090307	0.0005499661977414365	-6.76189035957048e-05	0.000554107511933973
0.090367	-0.0002910681150347956	1.059749698417945e-05	0.00029126097323918754
0.090427	6.744562978505973e-05	0.0003736653282733782	0.0003797034244390677
0.090487	0.00012621619060526796	-0.0003091272104826736	0.0003339014211286087
0.090547	-0.00015136125941629322	-3.284295917641196e-05	0.00015488347497247688
0.090607	-9.319379183800576e-05	0.00015149618631526518	0.00017786561585988195
0.090667	0.00010047730935779892	-0.0002454680617705633	0.00026523623252711894
0.090727	0.00044953145027950355	4.866381123446776e-05	0.00045215781682312836
0.090787	-0.0001374455056164118	-0.0002446555668366887	0.00028062005166832346
0.090847	0.0005241277922839612	-0.0002209056484316469	0.0005687787339145738
0.090907	3.895920161371148e-05	0.00017923090862317171	0.00018341629697566557
0.090967	-0.00016098411597396023	-0.00043566964017758224	0.00046446089282993616
0.091027	-9.799805421415879e-05	-0.00034244590232365214	0.0003561921035733688
0.091087	6.751005105229162e-05	-3.0008096088666132e-05	7.387890648858874e-05
0.091147	0.00023278659112202185	-3.931263243282042e-05	0.0002360827822502298
0.091207	0.00015580261480225243	-0.00011424651191088001	0.0001932012429127253
0.091267	0.00022541250256326916	-0.0002397225430008857	0.00032905576113274074
0.091327	0.00013124702369142791	-0.00022026433934855448	0.0002564023408951514
0.091387	-0.00010333810323680992	3.30422733521273e-05	0.00010849219054318283
0.091447	4.033603034630995e-05	0.0003122046476401081	0.00031479951930106644
0.091507	0.0001749302421092314	-0.00012180250380059006	0.0002131582499845762
0.091567	4.568944363010451e-05	-5.275244404701766e-05	6.978786149583771e-05
0.091627	0.0003467009764320022	0.00013337534212635402	0.0003714707915115612
0.091687	0.00013967775243799125	6.46339946613657e-05	0.00015390720513352914
0.091747	0.00029454886979974314	-0.00011210994027910618	0.0003151629347015457
0.091807	-0.0002980203055344001	9.257193549790473e-05	0.0003120667648959841
0.091867	0.00017746520692364943	4.736796606497591e-05	0.00018367804408144818
0.091927	-1.8927337002830037e-05	0.00041291388004306164	0.00041334745241531924
0.091987	-5.931461565347469e-05	-9.9693111321485e-05	0.00011600405197697806
0.092047	0.00027379429608529956	-6.0914241483414414e-05	0.0002804886118621296
0.092107	-0.00024460757437516135	-4.911953106740688e-06	0.00024465688775307943
0.092167	-6.646564033983196e-05	-0.00012016131717996546	0.00013731869316377927
0.092227	0.00011706427966933495	-9.102090611699289e-05	0.00014828638145446363
0.092287	4.500538602948425e-05	7.229781438695677e-05	8.516136880530838e-05
0.092347	0.00011274500422950873	-3.7939240934225625e-05	0.0001189572275289617
0.092407	0.00017545561758025167	-5.3708620416720624e-05	0.00018349193346720968
0.092467	-0.00013625210587721754	-0.0001807620425579131	0.00022636155235747363
0.092527	-0.00024000380925892818	-0.0002620502987903011	0.00035534798093542344
0.092587	2.2009811517876334e-05	-0.0002253125701447885	0.0002263850394091948
0.092647	-0.00026031644582409245	-8.74535697174825e-05	0.00027461387223302875
0.092707	9.463261771969955e-05	0.00010807055514029394	0.0001436474059104936
0.092767	-7.83423601348204e-05	0.00018759783857785062	0.0002032989779378519
0.092827	5.6321574142749855e-05	-0.0002819970651970054	0.0002875664523090991
0.092887	0.00010527520750236808	-0.00023442885947335204	0.0002569820216837032
0.092947	-0.00014042780547619897	0.0004127034434880439	0.0004359404785263124
0.093007	0.000434223760998244	0.00014168865335632797	0.0004567558966290307
0.093067	0.0003405220735233302	-9.831579246408281e-05	0.00035443092077930917
0.093127	0.0004363047376408128	0.0001159778426383762	0.00045145618178386973
0.093187	6.723868468726726e-05	-0.0005200560029338004	0.0005243846745529038
0.093247	-0.0003678236964450583	-3.6326580654241314e-05	0.0003696131655238156
0.093307	-4.13021854486658e-05	0.00012930244516526777	0.00013573869326228633
0.093367	-5.088325158809807e-05	-0.00022708411504471476	0.00023271506310898514
0.093427	0.0003211202479667168	-2.3155680442410822e-05	0.0003219540327297621
0.093487	-8.269223136095864e-05	2.1086581253610803e-05	8.533843821174279e-05
0.093547	0.00026241255016338865	-0.0001250207448292611	0.0002906725530918187
0.093607	1.0955249788651256e-05	-0.00035689906485396355	0.00035706716453850167
0.093667	8.48435542930643e-05	-0.00033034718672883426	0.0003410684571823308
0.093727	-0.00015777319827012303	-0.0004535365659773113	0.0004801955838727337
0.093787	0.00027552392153277794	0.00023889887375117404	0.0003646725972929413
0.093847	-8.38141731037465e-05	-8.33944599064347e-06	8.422803554930889e-05
0.093907	-0.000231837101363127	-3.775795132216622e-05	0.00023489168664834415
0.093967	-0.00018351527209872399	-3.1789297684562706e-05	0.00018624826050394792
0.094027	-2.7696286683835376e-05	-8.593691703080226e-05	9.028974473788364e-05
0.094087	2.224482998598482e-05	0.0004181695626904758	0.00041876080955821203
0.094147	0.0003115838003093517	0.00031725194569015515	0.0004446720832921796
0.094207	0.00029159872893531864	0.0004540994691448919	0.0005396629935379728
0.094267	-9.033565244689415e-05	-0.00010204888834945336	0.00013628831834154112
0.094327	0.00026935261496452276	-0.00018306241503379927	0.0003256726561844476
0.094387	-6.888034703215885e-05	0.00020007241145595267	0.0002115974291740584
0.094447	-2.8976622781502043e-06	-6.499078709225927e-05	6.505535222831084e-05
0.094507	-0.0002529442994168378	2.751546741463801e-05	0.0002544364744971147
0.094567	0.0001343378825465152	2.8198891921092623e-05	0.0001372655972655158
0.094627	-0.0002814661672787474	-0.0001365306555875075	0.0003128319408847863
0.094687	-9.548963215604327e-05	-0.0002131645631136292	0.0002335752572870698
0.094747	-0.00010306068637338213	-0.0001052978290570395	0.00014734021134733772
0.094807	0.00030612449828761637	-4.9056330901401914e-05	0.00031003021151712406
0.094867	-0.00026368266851073375	-0.0002568236906682251	0.00036808553049717894
0.094927	5.0565585201858165e-05	0.00030159872777148493	0.0003058082258543492
0.094987	0.00010275649301589402	0.00010919900747496719	0.00014994438999323522
0.095047	0.00024767528440386834	8.697187651855434e-05	0.00026250172153663247
0.095107	-0.0003172783468475209	8.226620118361038e-05	0.000327770159159552
0.095167	0.0002696606507427211	-0.00015367003928061615	0.00031037291687821913
0.095227	4.4677889263247883e-05	0.00019567821307850126	0.00020071391795940406
0.095287	-7.436779319776814e-05	-0.00018631456163617093	0.00020060828632632437
0.095347	0.00017401849833678323	-0.0002503915435617826	0.00030492353607198164
0.095407	2.1921473264908005e-05	0.00027226972140144846	0.00027315078653030903
0.095467	5.734949162288289e-05	-0.00011854765180900316	0.00013169096377060866
0.095527	-0.00017707853126287343	6.121469204048991e-06	0.00017718430692200863
0.095587	5.0586284170188025e-05	-0.0001784637048661871	0.0001854946524854896
0.095647	-0.0001617595075638264	5.0100602997790085e-05	0.0001693405111248746
0.095707	0.0004676098190267682	-5.82530111912689e-05	0.00047122431618401974
0.095767	0.0004015666218201143	0.00015856908120512808	0.00043174055319631163
0.095827	-0.00011206182709960216	-0.00041362987534868426	0.00042854116123643154
0.095887	9.508062270470307e-05	-0.00010070043632500776	0.00013849513597943085
0.095947	0.000539284115128003	-7.562820144093604e-05	0.0005445612744977226
0.096007	0.00043437723627239575	0.0006139399124689514	0.0007520676828012413
0.096067	-0.00013080303427891437	0.0001285799570485284	0.00018341820828688806
0.096127	-0.0003455291291275318	-6.072438477293556e-05	0.0003508245002585796
0.096187	0.00017385536554301263	0.0001773997536499459	0.0002483875212710092
0.096247	-0.00010935884819513033	-1.0822393890626508e-06	0.00010936420310440157
0.096307	-0.00039884492731346487	0.00023519302100274817	0.0004630259530221629
0.096367	-1.720079842577768e-05	-0.00015611621653629072	0.0001570609452795005
0.096427	-0.000256377643121175	-0.0002495135130581719	0.00035775199383231826
0.096487	0.00011564090610960863	8.732140627643799e-05	0.00014490633926763198
0.096547	0.00012376350309506218	-1.240492892953331e-05	0.00012438362818356858
0.096607	-3.3451680760719106e-05	-0.00027763483559808033	0.0002796428380690093
0.096667	-0.00010298529993686006	0.00017497128741331762	0.00020302936591084264
0.096727	8.593059649239267e-05	0.00031161317082040174	0.00032324423528082183
0.096787	6.024071390332096e-05	-0.00020718116035949437	0.00021576138862059702
0.096847	0.00011277387361354816	-0.00024747292556999596	0.000271957341250383
0.096907	-9.81644303151046e-06	1.694909992639717e-05	1.9586590875032e-05
0.096967	4.48803345478384e-06	-0.00014630558011716362	0.0001463744008278464
0.097027	-5.6615571198543447e-05	0.00026905284819129556	0.0002749450090872458
0.097087	0.00019849758795402185	-2.4419502233952883e-06	0.0001985126080239192
0.097147	-1.1351185477006414e-05	0.0001997779813996933	0.0002001002030580419
0.097207	0.0002548941037101606	0.00018630942358181945	0.00031572488882189177
0.097267	0.0001547755720438877	-0.00010233915946994861	0.00018554994277155746
0.097327	-0.00029848041637916276	-0.00041621495703029007	0.0005121771660447238
0.097387	0.00019120246358508218	0.00035203748560124284	0.0004006105007977823
0.097447	-0.0002708681008422782	6.257755190324304e-05	0.00027800265836158054
0.097507	0.00016324982547964636	4.219900306830801e-05	0.00016861572103186008
0.097567	-1.974403315945655e-05	-0.0002674862325949635	0.0002682139285593659
0.097627	0.00013520186546476303	-0.0002333632593627194	0.0002696997501770139
0.097687	-0.00012294198541506037	0.00017988227773720552	0.00021788154034181525
0.097747	-4.6895792098288006e-05	-0.0004289655260474683	0.00043152130637282216
0.097807	7.987052500175155e-05	0.00012563655153376813	0.00014887526270456283
0.097867	-7.799517319844346e-05	-2.660411290873615e-05	8.240768086723455e-05
0.097927	-1.3639837238771987e-06	-0.00022314040338619574	0.00022314457213867684
0.097987	0.0006418381392587434	0.00014308562850331804	0.0006575938671332903
0.098047	3.85758947321164e-05	-4.2639200822908876e-05	5.749957479146849e-05
0.098107	0.000217765775081198	7.706202358428063e-05	0.0002309988923688145
0.098167	-5.361701055013969e-06	-5.095151927431301e-05	5.123285229775937e-05
0.098227	-0.00041221092946344684	-6.819172102486628e-05	0.0004178133090094808
0.098287	7.691113519180607e-05	-3.5593609485762325e-05	8.474802506676612e-05
0.098347	-3.957851762950342e-06	4.482549558107709e-05	4.499988494059347e-05
0.098407	0.00022382570509207108	0.0002425630911804252	0.0003300527222474707
0.098467	-8.642752297605645e-05	-0.00016721368788105207	0.00018822894076777531
0.098527	-0.00012982370110939474	-0.0006509194994210424	0.0006637396990509773
0.098587	3.0696804076032765e-05	-0.00017511999139433208	0.00017779005924526062
0.098647	0.0002632298169282769	0.00012136591463490891	0.0002898613836910018
0.098707	-0.0002967797484174712	-0.0003321895079254211	0.0004454526778979681
0.098767	-0.0003071682484224284	-0.00022631382497629026	0.00038153673507842155
0.098827	-5.4569165880834824e-05	-1.4746187558748132e-05	5.652648859117153e-05
0.098887	1.6013621841340963e-05	-0.00013353678582853263	0.0001344935286691998
0.098947	9.490544599175576e-05	-0.0001115293988282058	0.00014644401825228323
0.099007	-5.994912291980509e-07	0.00028074893129962877	0.00028074957135428995
0.099067	-0.0002546566240407083	0.00027080153442185837	0.00037173036896794373
0.099127	-0.0003915758667167961	-7.508749189100817e-05	0.00039871015892938103
0.099187	-0.00012569099552066978	0.00022290763984915846	0.0002559024076832791
0.099247	5.545572619718324e-05	-3.265986109496777e-05	6.43584034512941e-05
0.099307	-3.871526708105672e-05	0.00016804083733528178	0.00017244301933537403
0.099367	0.00036314927905075294	1.9556536094457835e-05	0.00036367548306023525
0.099427	-0.00017596356713321326	5.081992880451193e-05	0.00018315524049816457
0.099487	2.3928185821668903e-05	-0.00044406937400884403	0.0004447135786203553
0.099547	-0.0002612556448679832	-3.590316408583381e-05	0.00026371110929720055
0.099607	-0.00024458609123348575	-0.0002752197039498122	0.00036819592809684534
0.099667	-0.0001815290433470795	0.00013466575002610238	0.0002260257901404142
0.099727	0.00044250563338117535	-0.000392990703937327	0.0005918217036872093
0.099787	0.00034478240344253884	6.67767880027063e-05	0.0003511894718518367
0.099847	0.00014452485115636353	-0.0002754677524787569	0.0003110786319525446
0.099907	0.00016532741281379392	3.127450655487968e-05	0.00016825946685982885
0.099967	-0.00018069875474650786	3.656955707849089e-06	0.0001807357554331399
0.100027	9.540750456782759e-05	-0.00026401566505032794	0.0002807256014684571
0.100087	0.00014426401856871483	-0.0007022532823763839	0.0007169182517288841
0.100147	-0.0003028481114362081	0.0004256047430627976	0.0005223565601368742
0.100207	-0.00024635485018257355	0.0002069731312087323	0.00032175858846474536
0.100267	0.00011757506284666019	7.45408572546898e-05	0.0001392129117706405
0.100327	1.8224021325377154e-05	2.317781636592199e-05	2.9484336939470124e-05
0.100387	0.0001656950829674326	-5.9442781608279825e-05	0.00017603495336129704
0.100447	8.497779800096351e-05	4.8996931860053006e-05	9.809141391982907e-05
0.100507	0.00015444812858808512	-1.5755224052705643e-05	0.00015524964254165814
0.100567	0.00013796577573805348	-0.0002033691453143244	0.0002457510214442285
0.100627	0.0002721782773466025	0.00013653485700220242	0.00030450415733775446
0.100687	0.00018359751290195368	-3.67694614100515e-05	0.0001872432643279013
0.100747	-8.690250716374946e-05	0.00012135951268817325	0.00014926545839964587
0.100807	0.00032637532883841446	0.00012874515788372887	0.0003508506390943152
0.100867	0.0001354823422248243	0.0003294308978893276	0.00035620244459982724
0.100927	0.0001633118278394975	-0.0002485895300596257	0.00029743487954095635
0.100987	0.00022604484746068684	-6.59570645104823e-05	0.00023547103308552646
0.101047	-9.0618874142003e-05	0.00010432269212501746	0.0001381846751379304
0.101107	2.790507507059547e-05	-0.00023073783747359892	0.00023241911035172755
0.101167	8.956738753458047e-05	-6.079316386762502e-05	0.00010825029183704601
0.101227	0.0002602470248416812	0.00011567187053929564	0.0002847955329231942
0.101287	-0.0001288875143649622	0.00026967370741725455	0.00029889111701645693
0.101347	-0.00022199437098422374	-0.00015110335632053805	0.000268539987785828
0.101407	0.00039243505389092753	0.0002272781714157146	0.0004534982235074865
0.101467	-8.987659430639127e-05	-9.982292273707988e-05	0.00013432206858103647
0.101527	0.00019266567420152774	-9.715420362935486e-05	0.00021577534914438994
0.101587	1.589220326639209e-05	0.00019399732544988303	0.0001946471792920929
0.101647	9.528382619175066e-05	8.729911004300913e-05	0.00012922902981931408
0.101707	0.00012226490519501676	8.629080979681485e-05	0.0001496489588929255
0.101767	-8.802765447644444e-05	-0.00015059805257893258	0.000174438073232856
0.101827	0.00018444574849605728	0.00012396713957923077	0.00022223430390857146
0.101887	4.289297820619616e-05	-0.00019682664444618244	0.00020144611076747335
0.101947	-0.000678011137788759	6.237582856552242e-05	0.0006808743253749864
0.102007	2.10672214364441e-05	-7.360174468807283e-05	7.655745972915002e-05
0.102067	0.00018304138231120862	-6.4697524704573445e-06	0.0001831556860581375
0.102127	-0.00018035099898106954	-5.284298623381104e-05	0.0001879331371194992
0.102187	-0.00014828561288173067	0.00016477771971905748	0.0002216761599800997
0.102247	-0.00031623347285484715	0.00023554931885977386	0.0003943185146162183
0.102307	-7.48156733812251e-05	-0.00011836729968330327	0.00014002929199922093
0.102367	0.000110815410954538	0.00014897526735877594	0.0001856709066861093
0.102427	-0.00010812825098599396	0.0003353157345345096	0.00035231854973547417
0.102487	0.000247429445680051	-0.00023702360362795876	0.00034263905099436785
0.102547	5.4416484488242726e-05	0.00039289982167742206	0.00039665025357134114
0.102607	-0.0003898592569297189	-9.616286229618536e-05	0.000401543940682446
0.102667	-0.0002907536361803478	-2.5162178636599342e-06	0.0002907645238065185
0.102727	1.8555983674855723e-05	-0.0001477195229867118	0.00014888042853767984
0.102787	0.0002313227189603983	-0.00021265231567676692	0.0003142152250765751
0.102847	0.00012639346937837534	-1.7854503721321567e-05	0.00012764831532236133
0.102907	-0.0001722333751523656	0.0003704817079795014	0.00040855970367105964
0.102967	0.0003160608593146817	-0.00019784774619265242	0.00037287826091667937
0.103027	0.00018432499263442117	0.00017319738173517774	0.0002529289148152111
0.103087	-0.00012610259047602843	5.171569959654065e-05	0.0001362951830019116
0.103147	-3.789742063036629e-05	-8.265749075688999e-05	9.093115675421856e-05
0.103207	0.0005027992039432767	-0.00016279819623772173	0.0005284981477585788
0.103267	-0.0002277806447569049	0.0004797048908260917	0.0005310374792878031
0.103327	-0.00012948112804830503	4.029927894042932e-05	0.00013560750128138228
0.103387	-0.0003864628218892259	-0.00020803129977722015	0.0004388969519028165
0.103447	0.0002599746770787535	-0.0001145624667176477	0.0002840975035135549
0.103507	-0.00022748882265472855	0.0001566666910917724	0.00027621661161211753
0.103567	-0.0002295356384658847	-0.00025462733738994855	0.00034281436707383784
0.103627	-7.439782247549494e-05	-0.00011348764205233158	0.00013569996642480572
0.103687	-0.0002927493069298043	0.00010009653655679586	0.00030938887074125136
0.103747	-1.460870483551632e-05	0.0001772864236120362	0.00017788729649448716
0.103807	-0.00022492394340407063	0.00016807134973727782	0.00028078240493119923
0.103867	-0.0003382662090592091	0.0005018611493362272	0.0006052178462375077
0.103927	-0.00044914201984263256	-0.00022788894564490373	0.0005036486131574926
0.103987	6.591866008229198e-05	0.0001162701662918731	0.00013365635531685196
0.104047	0.00010425148764981245	-0.0002292120729909845	0.00025180656679686376
0.104107	0.00031050533040319383	5.884602363526947e-05	0.00031603230009997276
0.104167	0.00026902410229839	-0.00011547225838038094	0.0002927589624126306
0.104227	0.00037125285426442274	-0.00026816341212677203	0.00045797412307132997
0.104287	0.00022779855016834388	-0.0002615440553039186	0.000346839260066704
0.104347	0.00012562413625158582	0.00031571402854575444	0.0003397893044660859
0.104407	0.0003430076542635103	-0.0002566658691528625	0.0004284059048044858
0.104467	0.00042061984067642496	-0.00013266309581705805	0.00044104483600018154
0.104527	-3.0776201072866485e-05	-0.00019305703454123335	0.00019549473941344938
0.104587	-0.00018169812538350013	-0.0004887370077121822	0.0005214192856764465
0.104647	0.00031310286117271425	-0.0002507773108032061	0.0004011516686843366
0.104707	-4.7010081723187176e-05	-0.0001221102399657714	0.0001308466984226924
0.104767	-0.0001856121327232836	-0.0001882315285721117	0.00026435387676877287
0.104827	0.00015982755853868782	-0.00010250750773541252	0.00018987532122570152
0.104887	-1.1382812085576269e-05	-7.891247818984884e-05	7.972921437615518e-05
0.104947	-0.00010533403116151288	-0.0004120118294355375	0.00042526345447916524
0.105007	0.0001126069884127467	-8.742987673496515e-05	0.0001425633795379433
0.105067	0.0004434499747030078	-9.51016701223933e-05	0.00045353302826163256
0.105127	5.927825020289533e-05	-0.00048516496245940406	0.0004887729040621544
0.105187	-2.675133854223579e-05	-0.0003864335973249025	0.0003873584376972653
0.105247	-0.00026362352053343455	0.00021331222430975302	0.00033911571125268817
0.105307	0.0005149045496550266	1.5560723151614511e-06	0.0005149069009214149
0.105367	-1.7917783443752257e-05	-0.00017120032296634235	0.00017213540468862624
0.105427	-0.00017313324067037643	0.00048558384025291894	0.0005155257364475597
0.105487	0.00013681601912471597	-4.887285163509758e-05	0.00014528309852175134
0.105547	-0.000154484637464338	1.4205888072586339e-05	0.00015513642534369158
0.105607	-0.0001478113238941926	8.386739312730086e-05	0.00016994683610271522
0.105667	1.3268374653072504e-05	-2.625403731836587e-06	1.3525624225500219e-05
0.105727	-6.919998534219102e-07	0.00015077581771107503	0.00015077740570204962
0.105787	1.0112687052098306e-05	-0.00033800228078778615	0.0003381535276426362
0.105847	-9.637899614009747e-05	-0.00034434667999201694	0.0003575801265709511
0.105907	1.3300348102737361e-05	0.00036357685369395787	0.00036382004865269813
0.105967	4.390091185982589e-05	-0.00011390077114594666	0.0001220683240229238
0.106027	-4.5312180546672816e-05	8.32993668687337e-05	9.48260419221754e-05
0.106087	-0.0005532586095648079	-0.00024884424846617544	0.0006066453239350651
0.106147	2.8865457206386183e-05	0.00038057613275855115	0.00038166923827469783
0.106207	-0.0001470765012768674	0.00031687801976737235	0.00034934678564362893
0.106267	0.00029316117680914914	0.00018773246421988066	0.00034811916596216586
0.106327	0.0005705366504794783	-0.0005439741516506218	0.000788301939109854
0.106387	-0.00021182227877260452	-0.00017484850911914522	0.0002746646663216927
0.106447	-4.425753308490013e-05	-0.00015792342303139211	0.00016400773389298767
0.106507	-0.00016733787176042956	-0.00034409620476701135	0.0003826279674309903
0.106567	1.3518264441828476e-05	-0.00025023030531341484	0.0002505951898396376
0.106627	5.13201368124688e-05	3.1350348294623235e-05	6.0138180722771294e-05
0.106687	-0.00032072477909179335	5.068634725788699e-05	0.000324705235131537
0.106747	0.00041575811978955047	-0.0003496994610409813	0.0005432720563615388
0.106807	-0.00017867099979481342	-0.0001807881842286875	0.00025418043536901906
0.106867	0.0002702271144225979	-0.00014132616477622125	0.0003049520916792004
0.106927	-5.522390162925333e-05	0.0002801815312322543	0.0002855720045011558
0.106987	-0.00021341813125998676	-0.00021116858778701112	0.0003002323620439102
0.107047	0.000275004320144848	8.797094315532057e-05	0.00028873216470973005
0.107107	-0.00016645468365870667	0.00019454414038732638	0.0002560362948313459
0.107167	6.993229592199652e-05	-0.00015955394862491733	0.00017420674078440375
0.107227	-0.000237720785328209	2.1285012672008052e-05	0.00023867179041836504
0.107287	0.00011330365145208728	4.612395866471151e-05	0.00012233207672266542
0.107347	0.00032316663732870734	0.00019037436357889796	0.00037507209145764853
0.107407	-0.00012021353632031132	0.00010415995345164163	0.00015906159252843837
0.107467	2.7639704613525706e-05	0.00019943586533209762	0.00020134204144163617
0.107527	0.0001704232988586115	0.00015502974295647225	0.0002303873303699695
0.107587	0.00023632132787019798	-0.00043864715343485127	0.0004982560538747437
0.107647	-5.9432801160613893e-05	3.24390640153153e-05	6.77093104970564e-05
0.107707	8.706617439493912e-05	4.645037430920672e-05	9.868209562648822e-05
0.107767	2.8108403281126168e-05	-6.890212013940567e-05	7.441494805964401e-05
0.107827	0.00030756794799583886	4.273406600862979e-05	0.0003105225322452478
0.107887	0.0001790838678837156	-0.0001422728738643807	0.00022871948402753553
0.107947	0.00011383306126168921	-0.0004083402871758069	0.0004239100800488565
0.108007	1.675394138064677e-05	2.8686152235177382e-05	3.3220323325427166e-05
0.108067	-0.0003406391280213179	0.000419088960339364	0.0005400653406926358
0.108127	3.617558171171512e-05	4.64446785453268e-05	5.8870883103277093e-05
0.108187	-0.0002536007558790384	0.0002612921317216694	0.000364124870727164
0.108247	0.00015471385544336776	0.00010400706256645964	0.00018642383466138324
0.108307	-0.00025442829415771176	-0.00014893133450908508	0.0002948123119319478
0.108367	-0.00016548574819822928	-0.00025428353448004714	0.00030339025818966746
0.108427	3.3487067911328816e-05	0.00018002006045694487	0.00018310818082275854
0.108487	0.00029248408337106903	-0.00017414176408172074	0.00034040019539199466
0.108547	-0.00011081466418204415	0.00010303673842615871	0.00015131576012854665
0.108607	-6.593642837617318e-05	-0.00011525675680298724	0.00013278453439971526
0.108667	-0.00010277321579057515	-4.0621379564777384e-05	0.00011050986544956897
0.108727	-9.17017101815074e-06	0.00017680650508739376	0.00017704415346946853
0.108787	0.00018050704338978994	0.00020992810527689388	0.00027686206330674874
0.108847	0.0001568201901227435	-4.546656160892991e-05	0.0001632782295796719
0.108907	0.00020158500431261093	-5.998442018665187e-05	0.0002103203381245955
0.108967	0.00024267380233647788	-0.00013850765320474264	0.00027941894054757486
0.109027	-1.6854910744744785e-05	0.00010602988527073351	0.00010736118752481374
0.109087	-0.00026964653442016287	-0.00015196676812830745	0.0003095208428202644
0.109147	-0.00010763380334253279	-9.510909770376762e-05	0.00014363417451290566
0.109207	0.0002321209057499577	-8.623384634641216e-05	0.0002476214674495678
0.109267	-0.000297627319858204	-0.00048694677817350993	0.0005707006100395715
0.109327	0.00017975771173912514	-0.00016299012808054764	0.00024264916398248672
0.109387	-4.36025792704107e-05	0.0001769162466057563	0.00018221016226352806
0.109447	6.375090717453186e-05	-0.00018142423180529893	0.0001922990640947548
0.109507	-0.0001593177938000224	0.00020092037274735392	0.00025641988145664934
0.109567	0.00029147920929098236	0.0001692839421112752	0.000337071479816418
0.109627	-7.849652090106978e-05	1.1349895844367712e-05	7.93128232333844e-05
0.109687	0.0003090796329177528	0.00011741413152251331	0.0003306301525356677
0.109747	-7.115248824950697e-05	-0.0006143569405091817	0.0006184635211036286
0.109807	0.00014644364433892893	5.4883092520541334e-05	0.00015639020049825695
0.109867	0.00014423467362727026	-3.106636450685e-05	0.00014754240095659837
0.109927	-5.962688704087985e-05	1.1100338155416184e-05	6.065132451439485e-05
0.109987	-0.0002699904130624775	-0.0002188178395795584	0.00034752851690748
0.110047	-0.00011286154440021455	0.00013864753790313218	0.00017877602739462044
0.110107	-0.00020568484169424537	0.00017445799639408436	0.0002697069643309663
0.110167	0.0001441145324310075	6.973002090941027e-05	0.00016009770227531282
0.110227	0.00018451985464384909	-3.327405104359735e-05	0.00018749597123842186
0.110287	-0.0003004097857272369	-5.934888232295328e-05	0.00030621614783297784
0.110347	7.910342387130567e-05	1.0364006700639078e-07	7.91034917650728e-05
0.110407	-0.00026626441560767056	-8.931206040349086e-05	0.00028084405486392464
0.110467	0.00012638589439629316	0.0002650349702938332	0.00029362719523403144
0.110527	0.00018278888152170478	-0.00014362001609817323	0.00023246179090765726
0.110587	9.269195080433747e-05	0.00027591339832233976	0.0002910670045156198
0.110647	0.0002801143439344599	0.00015038208067644194	0.0003179289478270401
0.110707	-8.393436702487372e-05	0.00034332245463966214	0.0003534335663567753
0.110767	5.54555827200295e-05	0.00035636509992844506	0.0003606541363991666
0.110827	-6.319712138312625e-05	2.0542442567342556e-05	6.645199844809907e-05
0.110887	2.026447289976204e-05	-0.00019319498972378	0.00019425486587541804
0.110947	1.727878886424611e-05	0.00017622869971752994	0.00017707374494471657
0.111007	-0.00021238240147186945	0.00015284965673952681	0.000261666394518573
0.111067	-0.0002196307081953305	0.00022495757374467253	0.00031439395345246737
0.111127	0.0002640898314134709	-0.00028952160293911026	0.0003918752322161064
0.111187	-7.960659587633723e-05	-0.00019535797404068335	0.00021095484855366273
0.111247	-0.0001318366455594133	-0.0004856095929873145	0.0005031874182783822
0.111307	0.00014305319175035727	-4.5614170854356976e-05	0.000150149486355082
0.111367	-8.793118314655987e-05	7.614047882916703e-05	0.00011631537080665086
0.111427	-0.00026276178055328225	-0.00014512351452598937	0.00030017426236755596
0.111487	8.938300012232967e-06	3.00717516982454e-05	3.1372017106166585e-05
0.111547	0.0002145540232737584	-0.0001341175798987658	0.00025302362368138335
0.111607	6.223435757944545e-05	0.0001479136984815027	0.0001604729804727362
0.111667	0.00024779237969401553	0.00010151401229008426	0.00026778005550386785
0.111727	0.0001238672822202975	3.7043457989593086e-06	0.0001239226604880685
0.111787	0.00027189729282832447	0.00029508985994077956	0.00040125573302725597
0.111847	0.0001935471220917423	-1.4034285493015033e-05	0.00019405527470103785
0.111907	-0.000168188408361341	-0.0003454316070356623	0.00038420090557722715
0.111967	-0.0001304445626310346	-4.910769487087216e-05	0.00013938202759155354
0.112027	0.00012482585823739344	-0.0003854150572455687	0.000405124994583532
0.112087	5.765418611796002e-05	-9.884671358896455e-05	0.00011443197963971069
0.112147	1.4567074162583143e-05	0.00038797046367544587	0.00038824384133453896
0.112207	0.0001594166379293656	-6.142976967937671e-05	0.0001708428548449238
0.112267	0.00019073378274622938	-0.00022131404948153775	0.00029216311262478424
0.112327	0.00013888985443892622	6.277201121324754e-05	0.00015241626244539061
0.112387	2.2401435695906855e-05	-0.0003392862031876216	0.0003400249284901181
0.112447	0.0002589443108890694	-0.0001909472560765539	0.0003217343791778866
0.112507	-0.0002887622944183454	0.0001353050112934679	0.0003188904337838824
0.112567	0.0001248577399564213	-0.0002581656959608467	0.00028677339799565384
0.112627	-0.0001915591598929423	0.00016328956818511463	0.0002517109350365435
0.112687	9.957407853855726e-05	0.0002257300392424302	0.0002467165331573704
0.112747	0.00035648891908299837	-2.1972988555295442e-05	0.00035716545417357445
0.112807	-9.855951344197352e-05	0.0002548946491996082	0.0002732860404054878
0.112867	-0.00012923775336813232	7.067833419751408e-05	0.000147301812007109
0.112927	0.00018532121284780805	0.00013359560614634798	0.00022845511137418813
0.112987	-2.57638500054104e-05	-2.1400397616718595e-05	3.3492581047971514e-05
0.113047	-0.00027031660187921806	-0.00014051647905826423	0.00030465709599229637
0.113107	-8.980135728228147e-05	3.5775922568212826e-05	9.666540438723012e-05
0.113167	0.00028142652406256655	-3.868695272213218e-05	0.00028407317500401695
0.113227	0.0004974164099504773	0.0002904256029721198	0.0005759948921212241
0.113287	0.0004415103761832472	-0.0001859002194857435	0.00047905146266588106
0.113347	0.0002027545973908031	-0.0001652573129616183	0.00026157103480775715
0.113407	0.00032767890086310067	-0.00015552173152199008	0.00036271265630860984
0.113467	5.903325511505785e-05	-6.860740673283127e-05	9.050912367316151e-05
0.113527	-0.00029100421219073485	-2.438946852666828e-06	0.0002910144325879738
0.113587	-0.0001709110795824358	-0.00014343479055366882	0.00022312358966547786
0.113647	-0.00022465552655946528	-0.00011180651053937935	0.0002509398362410858
0.113707	0.00023633538522552022	0.0002008765636356666	0.00031017061132184825
0.113767	0.00024023253824617365	-0.00022820714543165773	0.0003313460029308714
0.113827	0.0001309902063742886	2.016948109976332e-05	0.00013253392823655544
0.113887	-8.969810913161667e-06	-0.00034035260173735876	0.0003404707785070652
0.113947	-0.00040207497675507015	-0.00015325507761633825	0.00043029223296241366
0.114007	-1.6250334825053783e-05	0.00014431977437205358	0.00014523178252960614
0.114067	0.0002697093104929261	-0.0001832692896366193	0.0003260839534391116
0.114127	3.714093740540929e-05	0.00029483039904756495	0.0002971605852630845
0.114187	0.0003039579067436314	0.00013378240800769047	0.00033209658499344175
0.114247	-3.0689127855833265e-05	0.00013946246607723578	0.00014279916670938882
0.114307	3.5578875463825814e-05	-0.0006040259665041007	0.0006050729084915995
0.114367	-0.00014920130616844111	0.0002879660250575381	0.0003243230817407351
0.114427	7.129950053076404e-05	-7.984119119578991e-05	0.00010704314358004954
0.114487	4.3456728853486996e-05	1.1220456581868672e-06	4.347121195808262e-05
0.114547	-0.0001561949576940456	-0.00019857396785424397	0.0002526430001373935
0.114607	2.8309229745023227e-05	7.357068677188879e-05	7.882929938064831e-05
0.114667	-0.00015885915740198881	-0.00037224128473895696	0.00040472188717016413
0.114727	0.00021427021972315394	-0.00022233669754399615	0.00030878039791246316
0.114787	8.698478831687946e-05	8.051837185672888e-05	0.00011853084663913778
0.114847	0.0002765843508397379	1.8518538359624995e-05	0.0002772036063842174
0.114907	0.00017832176810892748	-8.031584111758821e-05	0.00019557425013513353
0.114967	0.00022204648615240118	-0.00011661746456325913	0.00025080724681274957
0.115027	-4.4119141606905905e-05	0.00014750966036870757	0.00015396622538148315
0.115087	-3.173177027481477e-05	-0.000143198788399108	0.0001466724181424242
0.115147	0.00020230181869138156	8.988237833722187e-05	0.00022137043113613008
0.115207	0.00015753491477681655	2.62466650862103e-05	0.00015970640814283736
0.115267	0.0001272084547210635	-0.00029576417993229	0.0003219603097953859
0.115327	-2.6888022803410558e-05	0.0002886318337221585	0.0002898815296083772
0.115387	4.0148115210393643e-05	7.750384149983315e-05	8.728525993647667e-05
0.115447	0.00022561456456262575	-0.0002246814898056455	0.00031840807716524344
0.115507	-0.0001786362128078677	0.00029550990612868853	0.00034530711134658684
0.115567	1.6849826968698165e-05	-0.0001996297524290764	0.00020033959849158478
0.115627	0.0003073141117927536	-0.00010772169903957606	0.0003256469372663315
0.115687	-0.0003153141767690094	0.0003362800102553027	0.0004609851140425519
0.115747	0.0001279370067745293	5.2919173467075284e-05	0.00013844968986192913
0.115807	8.959479191157247e-06	0.0002529678366929893	0.00025312644798303413
0.115867	-0.0001860349155070511	0.00048720522863718795	0.0005215150281623055
0.115927	0.00021338199108572104	-0.00031449420020277224	0.00038005062305025646
0.115987	0.0003345284747161116	-1.9881733705676803e-05	0.00033511876063722776
0.116047	-0.000275954232498545	0.00018825604539284658	0.0003340525064429461
0.116107	8.670916658294202e-06	0.00042389122054045425	0.00042397989533345934
0.116167	-1.3633519917355177e-05	-0.00024162659235055166	0.0002420109150354103
0.116227	-0.00019774677489859887	6.00816953012297e-05	0.00020667268105162555
0.116287	-0.0001651109932635328	-0.00024028133024027644	0.0002915420342909529
0.116347	6.007057512173276e-05	-1.5353879098411616e-05	6.200173867581763e-05
0.116407	0.00017962571656019553	0.00023102105725132993	0.0002926365099287612
0.116467	-6.656021617623464e-05	0.0002705873640201921	0.00027865351952706976
0.116527	0.00011912169331326288	0.0002667914918331379	0.00029217747677117475
0.116587	0.00023310884514089357	-1.5077768609745299e-05	0.00023359596055833268
0.116647	-0.0003655902308070879	0.00010633623983121524	0.0003807408735124475
0.116707	-0.00014782985129981735	0.00018643981004770992	0.00023793584787911272
0.116767	-0.00025721404309929065	8.585228690233395e-05	0.0002711635652772039
0.116827	0.00023363754635667908	0.00012168783805259164	0.0002634282312082043
0.116887	7.66410172234721e-05	0.00016037091803855084	0.0001777432892504697
0.116947	-0.00011838632572681271	-7.174953486159678e-05	0.00013843163609504329
0.117007	0.0001367541898417692	5.8510960084018594e-05	0.00014874555754452724
0.117067	-0.00011480227099105215	0.00029055079426655453	0.0003124089074812507
0.117127	0.00028214381060759125	-0.0001757362460341422	0.0003323978911400385
0.117187	-2.9187169652573257e-05	-0.00037666801194464886	0.00037779714410601654
0.117247	-7.230407560316746e-05	-0.0004863811909413336	0.0004917260845738596
0.117307	-0.00010407788074885251	-4.2630946999488244e-05	0.00011247045346776877
0.117367	-0.00010414436287385466	0.00012880111788707852	0.00016563748454791934
0.117427	-0.00017487554659656958	-0.00019309737182299284	0.0002605149742383269
0.117487	-1.2221545211013047e-05	-9.357278222568045e-05	9.436753541763955e-05
0.117547	-0.0002152719621156697	-0.0004661947381669304	0.0005134973725031737
0.117607	-7.150703995453148e-05	-2.2352569924086906e-05	7.491925083228046e-05
0.117667	4.127513242909823e-05	8.061937563033612e-05	9.057107862924471e-05
0.117727	0.0003631874781441995	-0.000246648706138459	0.00043902246926611773
0.117787	0.00014347588624243367	-0.0004207344643167185	0.0004445253866731661
0.117847	-1.2150280527745318e-05	-0.0004025036458499329	0.0004026869928857786
0.117907	1.78335472227825e-05	-1.5675445196459872e-05	2.374352519434362e-05
0.117967	0.00010649470759103655	0.0004649187141635184	0.0004769596770423677
0.118027	-5.223103754898169e-05	-0.00047174165300607903	0.00047462434457616165
0.118087	-1.0424841881160482e-06	-0.00036031027029125907	0.0003603117783956592
0.118147	0.00022008592895548837	-0.0001416151465889561	0.000261711035051279
0.118207	9.294081539013562e-05	7.68876365168268e-05	0.00012062215308361458
0.118267	-0.00012791905686916519	5.476466236916425e-05	0.00013914903289173543
0.118327	0.0002351297281723735	-3.66775637173047e-05	0.00023797317653603565
0.118387	4.2950940104106175e-05	-3.2975828280044366e-05	5.414968611710958e-05
0.118447	1.247090331315585e-07	0.00038433826149992525	0.00038433828173254855
0.118507	0.00027577947808749573	-6.117115173151104e-05	0.0002824822655289551
0.118567	-0.00031249977873226687	-0.00032314478521177574	0.00044953160502603196
0.118627	-0.0002205364638096565	0.0003179934848092023	0.00038698344699840626
0.118687	0.00023044078725709875	0.0003553518299504692	0.00042353025804636274
0.118747	4.326718856573474e-05	-0.00042194534585898486	0.00042415790043147985
0.118807	-4.6458736584332124e-05	-0.00013687275763102667	0.00014454260958808696
0.118867	0.00017640827495400745	0.00011166068169563107	0.00020877736301855556
0.118927	-5.86314180723912e-05	-0.0002830079671532524	0.00028901756461743964
0.118987	-0.00020663837906123852	-4.824438323951984e-05	0.00021219552355131754
0.119047	4.3596995247928064e-05	5.6441480408121254e-05	7.131857195224956e-05
0.119107	-0.0001013097800968909	0.00015380749988929492	0.00018417496726068895
0.119167	-6.810224515283426e-05	-6.8615078398166546e-06	6.844703123359408e-05
0.119227	3.087660089419027e-05	0.00030757119312750084	0.00030911713528152
0.119287	0.0003050144087697926	-0.000269827781965521	0.00040723558473888165
0.119347	1.7728446248331056e-05	0.00014417078691821058	0.00014525671621992575
0.119407	-2.4876141175884483e-05	0.00040398170700744194	0.0004047468863332357
0.119467	-3.6305314431741046e-05	-0.0004270692899024677	0.00042860967585180057
0.119527	0.00013142794662746846	0.00022243543506463446	0.0002583618159231466
0.119587	-0.0001643235519490335	-0.00034953126570867125	0.00038623093536516785
0.119647	-0.00013104656296441785	4.876322314893724e-05	0.00013982508214429977
0.119707	-0.0004949779373076414	2.932849970194592e-05	0.0004958460641329064
0.119767	0.00018738324999517433	4.884897938296922e-05	0.00019364582403323793
0.119827	1.5164246973431322e-05	0.00011765368858967803	0.00011862691442091949
0.119887	8.963553082584846e-05	0.0006686427853618489	0.0006746241196421035
0.119947	4.376723783497949e-05	0.00010670953369150308	0.00011533644562046157
0.120007	-0.0001155334133296107	5.710131466155763e-05	0.00012887408479468973
0.120067	0.00011537656839401727	0.0003178904950667232	0.0003381806017324851
0.120127	-4.429286674913774e-05	-4.099867455516681e-06	4.448220945512573e-05
0.120187	-8.324234274689922e-05	9.550749743761014e-05	0.0001266924216075585
0.120247	0.00018649894475364977	5.549603591908347e-05	0.00019458074518553245
0.120307	0.000536515667104202	2.5261589155625247e-05	0.000537110052908093
0.120367	-0.0003491564419551129	-1.3132626058836536e-05	0.0003494033297293478
0.120427	5.85954848713484e-05	-0.00034708848354223567	0.0003519997816120874
0.120487	5.140081815805098e-05	0.0002818869483066294	0.00028653498169148805
0.120547	-0.00034313024279148123	-0.00023503444153524466	0.0004159081055064029
0.120607	0.00013638406205003387	0.00022128048086343468	0.0002599339600598975
0.120667	5.2638943027205756e-05	-0.00030044844100647893	0.0003050247924779969
0.120727	-0.00020187512135674216	-0.00013525161211568415	0.0002429949859620376
0.120787	5.810510603274763e-05	4.411317673507463e-05	7.295324330512506e-05
0.120847	-0.0004014661415810766	0.000162930025947458	0.0004332681112097178
0.120907	-0.00014423887505957372	-8.037508558548891e-05	0.0001651211902250162
0.120967	-0.0002586279130754835	0.00016346147030148227	0.0003059543261581738
0.121027	-0.0002504132478767507	-0.00028471401806553554	0.00037916865217895465
0.121087	-0.00018682172977986755	0.00023889605221555973	0.0003032716315155793
0.121147	0.0003629328144260282	-0.0002825745132792637	0.0004599658501913056
0.121207	-0.00015286605689524588	-0.00013905380864403128	0.00020664944483136512
0.121267	0.0002454471006720756	0.00016873840133007132	0.0002978538690562139
0.121327	6.927438759986177e-05	3.235081745232107e-05	7.645597535293944e-05
0.121387	0.0006439204465122668	4.638990264864716e-06	0.00064393715661331
0.121447	0.0003393389669349978	2.350983807307491e-05	0.00034015238785981456
0.121507	4.480932000551254e-05	5.711926600682327e-05	7.259811091560622e-05
0.121567	0.00013444815565444843	-0.00044655191032860563	0.00046635277974620224
0.121627	0.00045571904723991314	-8.248766215348879e-07	0.000455719793775402
0.121687	0.00028787655087222246	-0.00015861983747970227	0.0003286839840700706
0.121747	-4.331817629853935e-05	0.0001507884360021341	0.00015688727427615352
0.121807	-0.00027829340159860836	-4.286492445251678e-05	0.00028157524593196094
0.121867	0.00021399457129148364	3.990894985795224e-05	0.00021768417678138762
0.121927	-4.285646582540997e-05	7.714759773285473e-05	8.82520736243342e-05
0.121987	-4.005547325733325e-05	-0.00019732638456290078	0.00020135079583288154
0.122047	0.00013137413133699197	-0.0004825234916284482	0.000500088074600723
0.122107	0.00019739169861156838	0.00013416244766067915	0.00023866932153727828
0.122167	-0.00033300633121833423	0.00019439294816158938	0.0003855928356783218
0.122227	-0.00013038611720775638	-5.4546733280879115e-05	0.00014133607349905454
0.122287	1.4889550036431142e-05	3.4284813561810326e-05	3.737843149806422e-05
0.122347	-0.00019248759609986833	0.00014533228209065988	0.00024119068570321116
0.122407	-7.142503529827934e-05	-0.0001171959023772658	0.00013724582034212212
0.122467	-0.0001377782859611767	4.257885604815458e-05	0.0001442075416362447
0.122527	-1.694999023994613e-05	-2.4476876500866286e-05	2.9772800546353196e-05
0.122587	0.00016721608629640894	0.0001438487529184472	0.00022057579929013192
0.122647	7.51236637210224e-05	-2.674545021085711e-05	7.974261067867475e-05
0.122707	3.603147082095805e-05	-7.031766621823116e-05	7.901165149457464e-05
0.122767	-7.658341434244448e-05	-0.00018329348488601275	0.00019864924101039379
0.122827	-3.1177104667952734e-05	-7.989138157058672e-05	8.575922518734391e-05
0.122887	6.753487156416762e-05	-0.00014214447009527803	0.0001573721997554079
0.122947	-0.00012316338658182918	6.441449200800397e-05	0.00013899081471433394
0.123007	1.2503777419243976e-05	0.00032441677509673604	0.0003246576480138982
0.123067	0.00020723604373664396	-3.455772130341901e-05	0.00021009762950899993
0.123127	8.78747650736696e-05	0.00021302510583740906	0.00023043799611564052
0.123187	-0.00029472031401696087	-0.00014285253800126984	0.00032751627609579995
0.123247	0.00018547298344724844	4.133231761740952e-05	0.000190022598836164
0.123307	1.865253662790708e-05	-0.0001542142186455051	0.00015533815485932316
0.123367	-4.735067269100777e-05	8.597136325576586e-05	9.814867041557822e-05
0.123427	0.00039728127806681456	0.00020945021263968355	0.000449112241513422
0.123487	-0.0002712594480421674	0.00018659699662596185	0.0003292417459891296
0.123547	-6.182698787197846e-05	6.168576440457088e-05	8.73367617873367e-05
0.123607	0.0005277902487505459	0.0001837722468318982	0.0005588692023915857
0.123667	-0.0003011382898354106	-2.185026358976452e-05	0.00030192996476656296
0.123727	6.668951215152364e-05	-9.413640807326742e-05	0.00011536530828609156
0.123787	-0.0002709906177037972	-3.196805421911824e-05	0.0002728696966943051
0.123847	-6.337295070541742e-05	-0.00019673160712443	0.00020668685522517476
0.123907	0.00010567670039195644	-0.00022410999277171892	0.00024777581372254886
0.123967	-2.7551631188278355e-06	-0.00027679591445192714	0.0002768096262435429
0.124027	-0.00013845162909267392	5.524296419783999e-06	0.00013856179650015003
0.124087	-1.3747293785888245e-05	0.0002480958533238357	0.00024847643856695486
0.124147	-0.0005076420547895149	-9.991989570700918e-05	0.0005173822970966637
0.124207	0.00015651518744635577	-0.00014842261373065115	0.00021569950432953237
0.124267	4.0432077206704275e-05	-0.00013433641714895544	0.00014028907954529842
0.124327	0.00018857720209820663	0.00014659623377891135	0.0002388552216497456
0.124387	-5.4611809307540345e-05	-6.945926435386444e-05	8.835745084837596e-05
0.124447	1.9551888578097593e-06	5.8996110016519416e-05	5.902849956208413e-05
0.124507	-1.3554076969121763e-06	6.661330764683933e-05	6.662709573197162e-05
0.124567	-0.0001276825300650116	-5.470375511596986e-05	0.0001389076286875224
0.124627	-0.00024564578271410594	8.000668565363801e-05	0.00025834651210052324
0.124687	0.0004301512622216712	0.00012510279961100288	0.0004479741274464494
0.124747	0.00016689758233909304	5.4990977122010284e-05	0.0001757236767071182
0.124807	-4.401674498470993e-05	-5.3477486828700145e-05	6.926265542529238e-05
0.124867	0.00038968871470306725	0.00010350578668316911	0.0004032006228217291
0.124927	-3.266230846752291e-05	-3.6536994721793884e-05	4.900794198625375e-05
0.124987	-0.00023478563122061947	-9.405783752997607e-05	0.00025292522497465553
0.125047	-0.00011005547907969378	7.231947760444e-05	0.00013169022483252132
0.125107	-0.00028479525237160084	-9.325884241941773e-05	0.00029967573719407717
0.125167	8.53950128848284e-05	-0.0003501702358441735	0.0003604323824197322
0.125227	3.52463057923633e-05	-5.484637836841522e-05	6.519530115077426e-05
0.125287	-0.00022291454751587818	-7.512545153167808e-05	0.00023523335002088294
0.125347	0.00028499842561806093	0.000223146506101617	0.00036196473003613543
0.125407	-0.0003660639108340062	-0.00011913949943249003	0.00038496364391993115
0.125467	8.163300941534526e-05	-9.931305804028459e-05	0.00012855750356754282
0.125527	-0.0001595352869139511	0.00021467333471067966	0.00026746242428894604
0.125587	1.8475348658725807e-05	0.00016294717459615729	0.00016399121993854442
0.125647	0.00018955944821438838	-0.00017414357851120615	0.0002574077899831938
0.125707	-6.648168913970266e-05	9.624484257752242e-05	0.00011697386337827837
0.125767	-0.00019609568685441349	-2.4919621552280425e-05	0.00019767272432283893
0.125827	0.00011096535317513514	-0.0001636320563721927	0.0001977087744079026
0.125887	0.00013948269152989456	-5.1700932322725495e-05	0.00014875620202016036
0.125947	6.114510101739006e-05	-0.0002957608696054683	0.00030201525684675213
0.126007	0.0004387120024579214	0.00020248416700698995	0.00048318532571794216
0.126067	3.950243693525617e-05	9.625921155857444e-05	0.0001040494033317937
0.126127	-0.000253303782769109	-3.721698925218053e-05	0.00025602326193949036
0.126187	0.00022272671864952674	-1.3089906399324394e-06	0.00022273056516087072
0.126247	-0.00021602023245117374	6.861292276370364e-05	0.00022665496685146146
0.126307	0.0003247905366438982	-7.726217635179593e-06	0.00032488242047297287
0.126367	7.2148027443044e-05	0.00032094323619937177	0.00032895273023042076
0.126427	-9.407323935891343e-05	-0.00021668003159036272	0.0002362202583469081
0.126487	-4.3075910143738495e-05	5.5587366778366686e-05	7.032417351141852e-05
0.126547	-7.96404153526239e-05	-0.00025475532321049055	0.00026691360111770246
0.126607	9.540897648815965e-05	0.00017551561040066984	0.0001997713750486739
0.126667	0.0001256335394723892	-4.370626075086041e-05	0.00013301888388188564
0.126727	-7.441935057096339e-05	0.00010026488830918459	0.00012486507745185284
0.126787	5.6517647896946143e-05	3.71761750672843e-05	6.764844799724936e-05
0.126847	7.357436832519716e-05	-0.00017252892140560917	0.00018756176688183187
0.126907	0.0001224225374555258	1.7809215946059217e-05	0.00012371113874531665
0.126967	-4.468615831635452e-05	-0.00025440704135740053	0.00025830175267949773
0.127027	9.740557578679619e-05	-0.00024294339242045314	0.00026174288551002796
0.127087	8.723317084724055e-05	-0.00015770093245333062	0.00018021989399817604
0.127147	0.0002328617687759813	-0.00029933402297338806	0.0003792432737266561
0.127207	-8.392536659397833e-05	-6.211406861124892e-05	0.00010441084559267104
0.127267	0.00016209108686599365	-3.5511992159125554e-05	0.00016593559602601514
0.127327	-0.00014910353606976517	0.00021640642139785017	0.00026279955040055085
0.127387	-6.535545525996022e-05	-6.274385814611717e-05	9.059871559407858e-05
0.127447	0.00013707173109095102	-0.00010735221522877684	0.00017410674191080486
0.127507	-2.581270654151677e-05	-0.00037815085425229255	0.00037903082248115006
0.127567	-2.9540813435274533e-05	5.440191397727469e-05	6.19049909361797e-05
0.127627	-0.00023266409333936493	-3.437325526662448e-05	0.0002351895002057984
0.127687	0.0002283093764601476	-0.00015524618308561118	0.00027609155862190444
0.127747	0.0003795634236645713	-0.00012773298360358143	0.0004004798467891282
0.127807	0.00020228664010565764	0.00027484365966835107	0.00034126078301663707
0.127867	0.00013646473849202815	0.00024965660516049383	0.0002845189718664827
0.127927	-4.3503058455001954e-05	0.00020011243220504976	0.00020478647811308234
0.127987	-0.00018423158756799969	0.0001479804323454197	0.00023630380067820084
0.128047	5.280552776978925e-05	-8.851603669714144e-05	0.00010307042502879123
0.128107	2.1097365422326965e-05	0.00041474753671144084	0.0004152837801262784
0.128167	0.0002346289205920537	4.405656352205058e-05	0.00023872936804583705
0.128227	8.525273623724153e-05	0.0002505307120994917	0.0002646387476183619
0.128287	0.00029529666522596737	6.830116896837591e-05	0.0003030926758864748
0.128347	5.3732694188131735e-05	0.00016329881666013463	0.00017191191333737038
0.128407	0.00019308687605743284	6.48629924811651e-05	0.00020369032745623958
0.128467	-0.0004453449607470947	0.00020310302250451995	0.0004894721358905968
0.128527	-0.00016062575567000944	-0.00011597892222973128	0.00019812052843189073
0.128587	-4.525077728936475e-06	-0.00020963241396463022	0.00020968124692754718
0.128647	3.850979341017009e-05	0.0002232262081939355	0.00022652360630436778
0.128707	-1.4916497260281675e-05	0.00015946770422625099	0.00016016382419793508
0.128767	3.7568109745258905e-05	3.790736267025017e-05	5.336975748910326e-05
0.128827	-0.00011277233631858924	-0.00015234902820702946	0.00018954636961540376
0.128887	-4.0751783268216295e-05	-5.9914714625520105e-05	7.24602019607811e-05
0.128947	-0.00013745388182312982	-0.00013739984002614634	0.00019435093431073992
0.129007	-0.00021818979058642085	-0.00029050690762758973	0.00036331948488278347
0.129067	-0.0001443634248215353	0.0002824231911495562	0.00031718079595918454
0.129127	-0.0001276433690196494	-0.00026463685479606776	0.00029381200549167733
0.129187	0.00034877263505634303	0.0001456477690171083	0.00037796246319417217
0.129247	0.0001925902728818052	-0.0001799749114345862	0.0002635943511431445
0.129307	0.0002069187878652474	0.0002813423301694316	0.0003492404494281679
0.129367	-0.0002561312167238828	0.0002282238639932253	0.0003430587883679047
0.129427	1.2706811882770804e-05	-8.013208093877108e-05	8.113330674761065e-05
0.129487	-3.217290598830295e-05	0.00020634629255780724	0.00020883938405407242
0.129547	0.00026097733965267775	-8.218653405115339e-05	0.0002736124964096679
0.129607	-0.00014730358055639283	0.0001297771937473609	0.00019631725563911534
0.129667	-0.00043926500999692114	-7.956644831432985e-05	0.0004464130023923499
0.129727	5.12321257556153e-05	7.643608982148994e-05	9.201742517935426e-05
0.129787	8.319716525170922e-06	0.00025888453977787563	0.00025901818974554986
0.129847	0.00015157715380577014	-1.4880984241292519e-05	0.0001523058674111004
0.129907	-0.00043476421228648475	-0.00020288616443050577	0.0004797736091141423
0.129967	0.000152268077054047	-0.00022033451936454408	0.0002678299231104356
0.130027	0.0001148372479890698	-0.00015401262427625358	0.0001921132009055119
0.130087	-0.00015345454381426255	-9.090826930651852e-06	0.00015372358358926744
0.130147	-0.00033611600273960717	-1.5438939116779456e-05	0.00033647039712091055
0.130207	0.00012900735893970721	-0.0002921760407681178	0.0003193896326738413
0.130267	0.0002931412211124103	-6.71356693449689e-05	0.0003007307327388939
0.130327	0.00022409512310575893	-8.212142501403741e-05	0.0002386682899886816
0.130387	0.0002618808399401227	-0.0004088086196201243	0.0004854956866991257
0.130447	0.0004088533125793576	0.0005233392555681407	0.0006641121950587337
0.130507	0.00012213214156206651	-0.00010297354950749762	0.00015974921564974808
0.130567	0.00020738912286267228	8.122797539580544e-05	0.00022272905573510196
0.130627	-0.0003518952483289959	0.0002530383995982189	0.0004334266921496109
0.130687	-8.520791363148591e-05	4.9216548115577094e-05	9.840049366666651e-05
0.130747	0.0001288408365463521	0.00026374893048892664	0.0002935361297966853
0.130807	-0.00017697787181633823	2.476029857889376e-05	0.00017870153748179174
0.130867	-4.074826580994373e-05	-7.129487894135881e-05	8.211809136713321e-05
0.130927	-6.019336336825318e-06	-0.00020374845624719808	0.00020383735141786996
0.130987	-2.6068836422440832e-05	-0.00018919504724773754	0.00019098259118436323
0.131047	-7.35564804549457e-05	0.00019823529925961029	0.0002114421662995961
0.131107	0.0003009823794018094	0.0001283963870936795	0.0003272247315364239
0.131167	-0.00024806230546039196	0.0001649355773322026	0.0002978903356274449
0.131227	0.00018789084294755824	0.0002700498841522668	0.0003289831436323094
0.131287	-0.00013753262122686734	6.467874210661273e-05	0.00015198210941432113
0.131347	-0.00017672593379828037	0.00018031530613843167	0.00025247903933726956
0.131407	0.0003107063051787437	-0.0002619829916994529	0.00040641542295737526
0.131467	0.0001708558823036127	-1.2679250636484818e-05	0.000171325701266473
0.131527	0.00013814444411240601	-0.00020690397426532462	0.00024878332340796434
0.131587	-0.00015497559865017442	0.00014410282022630204	0.00021162008168922408
0.131647	-0.00011863849913562968	-5.514030722328598e-05	0.0001308264000797743
0.131707	3.3356679391283144e-05	-0.00011611264570886005	0.00012080900030016022
0.131767	-3.148414676226621e-05	-6.864252447913904e-05	7.551852530483578e-05
0.131827	0.000256565021027009	-0.00013722932570005297	0.00029095961549101756
0.131887	-9.343949351000935e-05	0.00015486292472624363	0.0001808686385257911
0.131947	9.154765202185614e-05	-0.00041661040132443244	0.00042655034765244247
0.132007	0.00023820465646351798	0.0001545706578597853	0.00028396046667117136
0.132067	-1.8460346067027556e-05	-8.906766213954482e-05	9.096061134314415e-05
0.132127	-0.0002607340813711179	0.0002095574636124552	0.0003345094793038401
0.132187	0.0002474073190828945	-0.00012716947371763725	0.00027817702382009553
0.132247	-4.5235444525293795e-05	-0.00026195181069507673	0.00026582888587930065
0.132307	-0.00015318141430471565	0.00036087139080048433	0.00039203661357922786
0.132367	7.086047715195203e-05	8.591689546225075e-05	0.00011136839833666299
0.132427	6.472191662217417e-05	0.00012744569493229347	0.00014293820919552224
0.132487	-0.00032461681732498976	-0.000396889170590521	0.0005127349137929243
0.132547	-0.00040078915556308555	0.00016660562400522266	0.0004340384558620824
0.132607	4.304793437191526e-05	-0.00014130850830374524	0.00014772007031110687
0.132667	0.00031378421632932566	-0.0005570218047824612	0.0006393229429799304
0.132727	-0.0004544629081845242	-7.281840456421364e-06	0.0004545212427554603
0.132787	0.00014538935875439043	0.00010453392918561416	0.00017906816576375556
0.132847	0.00032987520331099286	-0.00014842308244903955	0.00036172788275600664
0.132907	0.0001151461323709214	-0.00048689115225474515	0.000500321522567174
0.132967	3.533855752552865e-05	0.00011765816236814515	0.00012285054668105433
0.133027	-9.796906402139978e-05	-0.00016980211443566438	0.0001960374851196872
0.133087	0.0002629062274319224	-6.784783931649028e-05	0.0002715198219695976
0.133147	0.00033808196995328637	0.00010365487375594496	0.0003536152588065958
0.133207	-0.00026586624051778214	-6.608058557527272e-05	0.0002739552913105168
0.133267	-3.239591356856726e-07	-0.00010131830243690693	0.00010131882035544106
0.133327	0.00025840413265891727	5.761685899436373e-05	0.00026474968973652017
0.133387	-7.762212741783805e-05	0.00012393466395148824	0.0001462360953856448
0.133447	7.127159620376072e-05	-0.00031910942750694096	0.0003269716610797326
0.133507	0.00029951231483401903	0.00019561875108246084	0.000357734989220085
0.133567	0.00016698290206618147	0.00010920442569803418	0.00019952166843348473
0.133627	0.0003061504522145737	0.0001430059873417221	0.00033790355400138775
0.133687	-9.1872897462829e-05	0.00023101760994522977	0.0002486156982031139
0.133747	1.344136630124698e-05	-0.0002802422566680997	0.0002805644181831926
0.133807	0.0002328864821252713	0.00016561139552560304	0.0002857678216395647
0.133867	0.00013062330864988905	6.900755170272669e-05	0.000147731144159411
0.133927	7.135319640823075e-05	0.0001817038108979452	0.00019521156096017413
0.133987	0.0002508473708539909	0.00014080942057089678	0.0002876659458223572
0.134047	-0.0005416430671603579	-6.284909918896276e-05	0.0005452771969115745
0.134107	6.756089677258445e-05	0.0003130648906185341	0.00032027191651893324
0.134167	-0.00011926474227107672	-0.0003864251155249889	0.0004044112370563995
0.134227	-0.0004955188660351075	-0.00029141590396691727	0.0005748583961999463
0.134287	0.00036633313891294456	0.00024327790424341368	0.0004397545990195876
0.134347	-0.0001178352239290713	-0.00010455763582642783	0.00015753551729062967
0.134407	0.0004883871185786662	-1.9109191049868223e-05	0.0004887608196000908
0.134467	-1.2594449802911912e-05	-0.00014642710869196848	0.00014696774586870284
0.134527	0.00030801123358497717	-0.0002359804827540039	0.0003880176648753921
0.134587	0.00014338439119394468	0.00015952322118730706	0.0002144918220726204
0.134647	0.00010056386704907264	4.378884119057231e-05	0.00010968388199127856
0.134707	8.301432978734407e-05	7.60981977767251e-05	0.00011261578332945826
0.134767	-7.39923324460979e-05	0.0001610784819981839	0.00017726009879172788
0.134827	-3.7982930251200584e-05	0.00025284632312774053	0.00025568333170092523
0.134887	-8.882157809149191e-05	0.00025347264712300403	0.000268584540832502
0.134947	-0.00023872093635880044	0.00019920350653621782	0.0003109175493154856
0.135007	0.00013742676490633923	-9.739241718532968e-05	0.0001684381151575365
0.135067	0.00014546888593033354	-0.00013370159786763294	0.00019757862750350967
0.135127	-0.00014333585907895318	-1.5035544175535614e-05	0.0001441222955914733
0.135187	1.301151648531807e-05	0.00041175498048923284	0.0004119605120869429
0.135247	-0.00016016334177141567	0.00027805139789555393	0.0003208814047573635
0.135307	5.283379760107361e-05	3.267315400880593e-05	6.212040857749056e-05
0.135367	0.00036493180578042565	0.00013744196582858887	0.00038995578831579013
0.135427	-3.537440788531914e-05	-0.00032305840462586546	0.00032498935602977264
0.135487	-0.0004171225013516122	9.236176570880988e-05	0.0004272257914717636
0.135547	0.00010844489069550278	-0.00018535485493101453	0.00021474803040879558
0.135607	-1.5072672256553898e-05	4.759846460947871e-05	4.992794089618845e-05
0.135667	8.498924655534325e-05	-0.0002855350014022059	0.00029791510377253895
0.135727	-0.00021054287069836872	-8.825817292345795e-05	0.0002282932445117398
0.135787	-0.00021728843241631624	-2.8421838024403118e-05	0.00021913937058097395
0.135847	0.00028119137520763983	-4.582047251375004e-06	0.0002812287052350409
0.135907	-8.503675904637411e-06	3.700010374432187e-05	3.796472284874067e-05
0.135967	0.00021581365591321955	-4.68033901822282e-05	0.00022083045852232301
0.136027	-8.570472954354572e-05	6.0121965209318e-05	0.00010468978635360167
0.136087	-8.75684665720932e-05	-6.012590028592891e-05	0.00010622316236575368
0.136147	0.00012139224188685644	-4.252214095433366e-05	0.00012862429343501672
0.136207	1.6671768762417538e-05	-0.0006502507581859912	0.0006504644466803116
0.136267	0.0002724781752631248	-6.611005108206847e-05	0.0002803834782022576
0.136327	-3.3834245139546684e-05	8.638387229396876e-05	9.277353898964748e-05
0.136387	0.0001006866864973427	6.483056935431502e-05	0.00011975312756090683
0.136447	0.000187861558688308	0.00017703546110826003	0.0002581346929852995
0.136507	0.00022864629055293026	-2.792669377460057e-05	0.00023034545015865915
0.136567	-0.0002023104199914448	-6.391410763329353e-05	0.0002121662536589526
0.136627	0.0002107105793698472	0.0001785410525772061	0.0002761808387881993
0.136687	8.671854456896833e-05	0.00047840597707829045	0.0004862020000744484
0.136747	-0.0005032384599502691	-0.00012142842348003884	0.0005176811852887511
0.136807	-0.00010728741975782287	-0.00011892969884246647	0.00016017135731787708
0.136867	-0.0002887785313275743	0.0002944769190225453	0.00041244356704005155
0.136927	-0.00015818714658777063	0.00010984071642036972	0.0001925828557512867
0.136987	7.894283057124766e-05	2.352677276675925e-06	7.89778803777925e-05
0.137047	0.00013574952292500576	0.0001241749580939069	0.0001839765017386465
0.137107	0.00019538274356075897	-2.9802976900300695e-05	0.00019764269253744028
0.137167	0.00022595729184572978	3.370324446496249e-05	0.0002284570122051878
0.137227	1.4476728786772468e-05	2.6930263283979513e-05	3.0574740504380764e-05
0.137287	0.0001268202872800521	0.0003341364648613653	0.00035739412756205903
0.137347	-0.00012783961703514805	0.0005104532114885041	0.0005262180620262106
0.137407	-1.253170932221312e-05	-1.1091636964809883e-05	1.6735236750508797e-05
0.137467	-0.0003759353277090816	-9.120536542314963e-05	0.0003868407802981801
0.137527	1.851318016365162e-05	-0.0005265791754504239	0.00052690451303611
0.137587	-0.0002734729205467311	5.267537894057192e-05	0.00027849979141624426
0.137647	2.874652083070727e-05	-0.00012104135710578488	0.00012440808892463716
0.137707	2.2615291578117146e-05	0.000508494901496327	0.000508997560171876
0.137767	-0.00012190861326790552	-5.523779179168053e-06	0.00012203369258251575
0.137827	-0.00024792953125657495	-7.861421353158907e-05	0.00026009468860070027
0.137887	0.00023657581314951128	5.597735197058513e-05	0.00024310816378927147
0.137947	-4.129633594367504e-06	4.1228606046971016e-05	4.143491076616509e-05
0.138007	0.00027443119425397527	-0.00017916651354348435	0.0003277394086084105
0.138067	-0.0003535392080251207	-0.00043899458617672733	0.0005636543429296945
0.138127	0.00012594255718668037	0.0002944161730006902	0.0003202224393060121
0.138187	-0.00015907510136476034	2.310370797571748e-05	0.00016074411092303198
0.138247	-4.508863800101691e-05	6.607451806458348e-05	7.999266975325748e-05
0.138307	3.389667019541956e-05	3.596164445655249e-05	4.9418864033449186e-05
0.138367	0.00012848582473726724	4.766422017542543e-05	0.0001370419098062603
0.138427	0.00011761384033007324	-0.00012739936949056905	0.00017338862357081707
0.138487	7.496621109668794e-06	-0.00017424697937917918	0.0001744081682457276
0.138547	-0.00013928181163639492	-5.252674420096893e-05	0.00014885725346475468
0.138607	-0.00029668952035616684	-0.00017563482903822368	0.0003447785733778397
0.138667	1.405579222485962e-05	-0.00022145021518276407	0.0002218958384007256
0.138727	2.0804156502778198e-05	-7.124833763876769e-06	2.1990365707622206e-05
0.138787	-7.662478381543187e-05	0.00020631086740980232	0.00022008073860778165
0.138847	-0.00027352517553464503	-8.189079442421439e-05	0.0002855207940985863
0.138907	-0.00016272191248545758	0.0002170807636691169	0.00027129776769832054
0.138967	6.77279183203049e-05	-7.60907404730866e-05	0.00010186693136511236
0.139027	5.751275802967803e-05	-0.00020593632131622573	0.00021381647685208936
0.139087	-5.036047249181488e-06	-5.718546902146551e-05	5.7406790879659694e-05
0.139147	-2.842901466574321e-05	-0.00016986937128908786	0.00017223185587171447
0.139207	-0.00023247192313902116	-0.0001508699160159253	0.00027713701774863514
0.139267	0.00019975105286571378	-0.00034556927856970056	0.00039914735300656135
0.139327	-0.00015962281375646407	-0.00026738066897400293	0.00031140305845080607
0.139387	-0.00041357729339920596	-0.00034192169487948557	0.0005366158989861117
0.139447	-0.0002677628892583643	0.00011865937944533423	0.0002928771298588179
0.139507	6.383716087999997e-05	-0.0001620523092939388	0.00017417271329550277
0.139567	0.00016066448847837172	-0.0002132534967683525	0.00026700211935852975
0.139627	-0.00010500197472360301	-1.805703922921728e-05	0.00010654328398158965
0.139687	1.931561327885248e-05	-1.535057490737049e-05	2.467251641655092e-05
0.139747	-7.774142857874124e-05	3.053773131999289e-05	8.35241447225627e-05
0.139807	-9.534238801179896e-05	-0.0002447295595830516	0.00026264563252699795
0.139867	-0.0001111479024560434	-6.98265158542043e-05	0.00013126156534460338
0.139927	-6.727850196684503e-06	0.00026991901653641094	0.00027000285082986124
0.139987	-0.0001763451298422436	-7.435122663351239e-05	0.00019137844633339897
0.140047	-9.433967933189708e-05	5.800923358106619e-05	0.00011074766939808651
0.140107	-0.0002721441019427056	-0.00046379448179479103	0.0005377431855128436
0.140167	0.00020509725467247875	0.0001236459331212932	0.0002394852827453556
0.140227	-6.973154693060698e-05	0.00037514873007325186	0.0003815744466194101
0.140287	2.448493224758061e-05	-0.00010684173951186262	0.00010961144652402558
0.140347	0.00011367912071343898	0.00018239151499968502	0.000214917675471472
0.140407	6.570432894102651e-05	5.40072900113708e-05	8.505202064597247e-05
0.140467	-0.0005463407597697456	1.718887175562156e-05	0.000546611089439296
0.140527	0.00022021521753077514	-0.00014561207752010024	0.0002640030665576563
0.140587	-9.270254205562298e-05	0.00023624213342397695	0.00025377964242288365
0.140647	9.771791401009797e-05	0.00011414330728014219	0.0001502580623971102
0.140707	0.0002647693305905328	-0.00021443444267561763	0.0003407123840234775
0.140767	-0.0001716565495276621	-0.00012614109898113554	0.00021302006442565767
0.140827	0.0002952557274858794	-5.7274339687625556e-05	0.00030075952952461773
0.140887	0.0002223513550842763	-0.0001376880930531788	0.00026153037314322546
0.140947	-0.00013419489855854378	-1.7260213992750068e-05	0.00013530035397667437
0.141007	2.970772812573419e-05	-0.00024615640159052926	0.0002479425803576111
0.141067	0.00013363573822661217	0.0002588815517698233	0.00029133858031184836
0.141127	-0.00045171028487746864	1.2727833024274657e-05	0.00045188956526741986
0.141187	0.000252728851313395	-0.00026365682958493837	0.00036522157120434353
0.141247	0.000113878434898129	2.5993640236626823e-05	0.00011680739389096304
0.141307	0.00014379420058474577	-1.2896397830896759e-05	0.0001443713586512881
0.141367	0.00015246407022187977	0.00019992242249751565	0.0002514244771813147
0.141427	-0.00013392576283865812	-2.7176736463644055e-05	0.00013665535099925967
0.141487	0.00025990365182352194	-0.00019141584952552936	0.00032278465837270304
0.141547	-0.00018174153921187285	-0.00029921843853530813	0.00035008807611029637
0.141607	6.55970959158854e-05	-0.00014280534497664594	0.000157150709659539
0.141667	-3.465185861588452e-05	-0.00020402916984505192	0.00020695084791610857
0.141727	-0.00029876386366648887	-0.00010660898750443195	0.00031721494676267777
0.141787	0.0003397315318343103	0.0002126742663154556	0.00040080900348583024
0.141847	-3.214354222199791e-05	-0.0002749544747203515	0.00027682696847547525
0.141907	-9.163756165407358e-05	-0.00036428599399716865	0.0003756350997023698
0.141967	0.0003061315846753826	-0.0002605706955796565	0.00040201198306857346
0.142027	9.122626645748398e-05	-7.442094408650207e-05	0.00011773151069487783
0.142087	-7.224661553171703e-05	-2.4421061915102523e-05	7.626245289032478e-05
0.142147	1.0828728980335811e-05	0.0002713128996446229	0.0002715289135339049
0.142207	0.00012333412410494492	9.233525959898359e-05	0.0001540685118184298
0.142267	6.286719209602315e-06	6.046593158583958e-05	6.0791872162023566e-05
0.142327	0.0001640454155337742	0.0005331495328779563	0.0005578165673101075
0.142387	-0.0001877639780678585	-3.736523407905639e-05	0.00019144574212462894
0.142447	0.00025420414337412356	-0.00034548719388456905	0.000428930236340137
0.142507	0.00037029968832280705	0.00019108368400934177	0.00041669513252082756
0.142567	0.0003229714738740798	-0.00012154189002475406	0.000345084053481445
0.142627	-0.00010353990188613515	0.0002394224039003106	0.00026085167964188757
0.142687	0.0005227961436578784	0.00025546636317579194	0.0005818753049733376
0.142747	0.00023993222789558748	-8.24552499552078e-06	0.00024007386918486546
0.142807	-4.41689705804428e-05	0.0004537152047429386	0.000455860049770829
0.142867	0.00013778254125092158	-0.0003627972480947452	0.0003880797236376593
0.142927	0.00014461151678086208	-0.00011500581475557537	0.0001847669564972462
0.142987	-0.00013986564370868193	4.9613655041882716e-06	0.00013995361173513925
0.143047	-0.0002018546822942084	-0.00018884038151639735	0.0002764163570691038
0.143107	-6.043779617922218e-06	-6.021078865118733e-05	6.0513356724511334e-05
0.143167	0.00023724835554098084	3.534806956013144e-05	0.00023986718872852857
0.143227	-0.00013881867850192812	-0.00012979314416567886	0.00019004443105083185
0.143287	4.089865505852958e-05	-2.425719149741181e-05	4.7551144307352844e-05
0.143347	0.00025871876107497573	3.881256724157266e-05	0.000261613861842319
0.143407	2.0525240013435095e-07	8.854561664401191e-05	8.854585453546699e-05
0.143467	0.00040946632168090613	2.7338893185750606e-05	0.00041037797659171864
0.143527	0.00019658428149195353	0.0003535361750846713	0.00040451601553363373
0.143587	-0.00028484521093320443	-0.0003346040100518003	0.00043942762513789115
0.143647	-4.477344548134359e-06	-0.0004350394887940622	0.00043506252817773414
0.143707	7.663389054955033e-05	-0.0002991877412499018	0.00030884633346533135
0.143767	-9.61053833253123e-05	-2.9889443450293983e-05	0.00010064603088981473
0.143827	-0.0002272581700124659	-5.4627863025262735e-05	0.00023373163939895199
0.143887	0.00042349520672827824	-0.00019855110396883554	0.0004677293352026046
0.143947	0.00023925107299587993	-0.00045335795832781526	0.0005126153668286242
0.144007	-6.47539797644274e-05	-0.0002768589847652772	0.0002843307499033333
0.144067	0.00042699961617636737	5.8156080696612495e-05	0.0004309417616531913
0.144127	0.00010555818405620973	-0.0003739094311727944	0.0003885238640562602
0.144187	-8.007482594277359e-05	0.0001602442240645326	0.00017913734701566176
0.144247	-6.535072344343721e-05	-5.6405904059869934e-05	8.632695446609862e-05
0.144307	-5.219341511941292e-05	-0.000187591788761131	0.00019471731251336684
0.144367	-0.0003248169906219021	7.791893517924498e-05	0.0003340320910573357
0.144427	0.00012507824691961804	0.00020190064285488003	0.00023750460508735143
0.144487	0.00021047572274219908	-1.8940979568293266e-05	0.00021132626569089218
0.144547	0.0001652436337372577	0.00012254287747607938	0.00020572363819165354
0.144607	0.0002767217227287302	-0.00021686627887035147	0.0003515763000275037
0.144667	5.5813576532717674e-05	-9.622827604529567e-05	0.00011124314107405975
0.144727	-0.00010010654855724987	5.851647112600599e-05	0.00011595472589371129
0.144787	0.00010831381409656233	-2.2639828470012426e-05	0.00011065461652048797
0.144847	7.052868830905933e-05	-0.00037141120755214023	0.0003780483844297386
0.144907	-1.9777111580165813e-05	0.00012595791087159148	0.00012750109589172208
0.144967	-6.68413890809268e-05	-0.00036952604458766327	0.0003755226609978039
0.145027	-3.086517519851155e-07	-2.9307896934998803e-05	2.930952214991769e-05
0.145087	8.912440064056637e-05	-0.00012467171810863397	0.0001532520671498394
0.145147	-4.633426266850677e-05	0.00024026728020310584	0.00024469415569897037
0.145207	1.5716315364040752e-05	-0.0001283179349141736	0.00012927681535859428
0.145267	2.588339131869578e-05	0.0001277800825360886	0.00013037522555718305
0.145327	8.099181394683624e-05	-0.0001017773640500708	0.0001300703877113449
0.145387	-9.048348211452791e-05	0.00017284792995017555	0.0001950991220473093
0.145447	9.361286286325113e-05	1.5791754805616473e-05	9.493549185259733e-05
0.145507	2.6267377172960847e-05	6.507725350402813e-06	2.706151497575219e-05
0.145567	0.00015780124768288614	0.00031613285210196803	0.00035332876184709385
0.145627	0.0003451739112968319	8.281958733652129e-05	0.0003549705805930188
0.145687	4.409424061607801e-06	-0.0002787093619464734	0.00027874424022240424
0.145747	-0.00023851665284358435	6.682543875493611e-05	0.00024770109597758473
0.145807	-0.00038101725324051063	3.462422870696522e-05	0.000382587224669742
0.145867	-0.0001131686602579814	0.0001782999600720054	0.0002111824363583893
0.145927	0.0001949415501586026	-0.0003229489696606545	0.0003772243960603785
0.145987	0.00011245803767656978	-6.922887002839981e-05	0.00013205849720284514
0.146047	-2.3427321987109065e-05	-9.397942727704937e-05	9.685541888201143e-05
0.146107	0.0002887867374117256	0.00020299153029795227	0.0003529919844381929
0.146167	0.0001587811236503078	7.146994061214048e-05	0.00017412466120213192
0.146227	-0.0003321674339197982	-3.844617562593673e-05	0.00033438497660200566
0.146287	0.00014378444720825778	-0.000345397338189515	0.00037413004221445044
0.146347	-0.00030628482914111534	-7.136123202351396e-05	0.00031448819055397936
0.146407	3.0287117051077073e-05	0.00019754633420719143	0.00019985460619651731
0.146467	-0.00012287245650655622	0.000174104886839333	0.00021309657948754713
0.146527	-0.0001070143336554196	-0.00024084290285541278	0.000263547664500248
0.146587	-0.00045088761668690366	0.00024349282239592146	0.0005124337981046214
0.146647	0.00018670774714124786	0.00025637372855075006	0.00031715496454189996
0.146707	9.600725795586785e-05	-0.0001855969872971111	0.00020895845346376532
0.146767	-0.0001616540285061064	-0.0003005785943843213	0.0003412909555413202
0.146827	-4.217239807831526e-05	7.272939718135535e-05	8.407185244800562e-05
0.146887	-0.0002588180508671248	-0.00014409978181051673	0.00029622884831240887
0.146947	-9.910757731203918e-05	-0.0003733885850030582	0.00038631767664869786
0.147007	1.651339269422895e-05	-0.00015907228007585916	0.00015992711598352042
0.147067	0.0002395443547893328	0.00021789934786079515	0.00032382344527473233
0.147127	0.00029058003640762336	-0.00017800154769344865	0.00034076576785222834
0.147187	-0.000115961824102488	0.0003230459139024331	0.00034322850571919954
0.147247	0.00040592937538160435	0.0003399032951748765	0.000529445849798106
0.147307	0.00018504301775137076	-0.0004362562531656315	0.00047387808225813705
0.147367	-4.720462598225509e-06	0.000217250329767335	0.00021730160733680055
0.147427	0.0003695174469041702	-0.00022076964606923804	0.0004304443984908073
0.147487	-0.00030503628940187666	0.00014319037585652826	0.00033697273122613243
0.147547	-0.00019991501514368692	0.0001762762378574733	0.0002665320343093585
0.147607	-0.00012762646864602201	-5.997954114854735e-05	0.00014101794515395665
0.147667	3.727397203879168e-05	-5.648744617786259e-05	6.767703131229639e-05
0.147727	9.97215082605283e-05	8.880476331790836e-05	0.00013353151387483157
0.147787	-0.0002855277565438363	-9.333553349429246e-05	0.00030039577488643286
0.147847	0.00011750916312734924	-1.9842171547116387e-06	0.0001175259143193833
0.147907	-8.424721345359998e-05	-0.00039026726696249266	0.00039925697568993077
0.147967	-1.6168519206869933e-05	6.927498697164778e-05	7.11368036480758e-05
0.148027	-0.0005920705403834163	-1.4404112538999786e-05	0.0005922457287713831
0.148087	0.00013876295544093526	0.0001247625380779226	0.0001866034531040304
0.148147	-2.203914951371306e-05	-0.0004581171622102676	0.00045864698671513847
0.148207	0.0002687515261557692	-0.00012355071904561132	0.0002957907418898412
0.148267	5.751718483406885e-05	-8.394438688854242e-05	0.00010175896344465058
0.148327	-0.00020630852899830064	-0.0002456962619999056	0.0003208268416111235
0.148387	-9.286655906448016e-05	0.0002140643230633414	0.00023334037841968796
0.148447	-0.0001572514621241921	-0.0002065213009838992	0.00025957478710436903
0.148507	7.340241891181939e-05	0.00018009565925867311	0.00019447972024332592
0.148567	8.796814791015644e-05	-0.00010282237394421618	0.0001353175362998728
0.148627	0.0002793266229590918	-9.123434686664593e-05	0.0002938487167607068
0.148687	-0.00024495451671349147	-1.859881717643275e-05	0.00024565958409698276
0.148747	-0.00021755568444225062	0.0001566156375334478	0.000268065166989567
0.148807	-6.837400099924563e-05	-7.214862135175863e-05	9.940033991694537e-05
0.148867	-0.0002927098641160952	6.8860965567098e-05	0.0003007006769691348
0.148927	0.00013747088058544188	0.00026053737781260507	0.0002945810045580077
0.148987	7.865878316833828e-05	8.708174842204901e-05	0.0001173474971090764
0.149047	-8.348351940744257e-06	0.00014866503899160283	0.00014889925721272527
0.149107	6.990312987927777e-05	0.00021996649114747356	0.00023080663940764517
0.149167	-9.365203710175274e-05	6.932148307218393e-05	0.0001165168316966916
0.149227	0.0002928077132778805	3.255671173304528e-05	0.0002946121118248367
0.149287	3.3412517597245525e-05	-0.00014596243475785284	0.00014973786659568344
0.149347	-0.0002435217810589743	9.294742716152622e-05	0.0002606570199823558
0.149407	-9.3872096310772e-05	-3.478396598560256e-05	0.00010010941392030228
0.149467	-0.00019782822623043057	-8.857222937320388e-05	0.0002167511174356844
0.149527	-1.754807288865273e-05	0.00014575376983748612	0.00014680632235685337
0.149587	-0.00046507782293583085	-9.328393892076744e-05	0.0004743408844357668
0.149647	2.7274493369180617e-05	-0.0003303052283006435	0.00033142939192426144
0.149707	0.0005030923004448769	0.00039184654247282377	0.0006376876787384438
0.149767	0.00019064636134597267	-0.0001295151734398994	0.00023047823160903157
0.149827	0.00011328898254740371	0.00017183054708893366	0.00020581576829657193
0.149887	0.00012760176711387118	0.0001395539423310506	0.00018909657265725577
0.149947	4.7620155124185735e-05	-0.00031172286530607577	0.0003153392204098332
0.150007	0.00019566975393820376	5.50132799119266e-05	0.00020325627560522012
0.150067	-0.00012138348977538129	-8.38352303485062e-05	0.0001475204983642517
0.150127	-0.0001676924519183091	0.00014747007912718448	0.00022331185071140417
0.150187	-9.65060203284695e-05	-0.0003081271302364574	0.0003228865750498056
0.150247	-0.00012138816534295349	-0.0006561133455736634	0.0006672479366211586
0.150307	-0.00035584734722328133	-0.00013657580701569434	0.00038115651061976463
0.150367	0.0004479257924312214	-0.00023285780643601833	0.0005048368781530642
0.150427	-0.00029890804358381675	3.9261535296859806e-05	0.0003014755158764497
0.150487	0.00018768187303461233	0.00017599315655369242	0.00025728986886294774
0.150547	-2.4322931158963983e-05	-3.6643245578392834e-05	4.398104622086777e-05
0.150607	0.0003927375678451164	0.00015531159490855313	0.0004223322018387136
0.150667	0.0005063906264977961	0.00019437436705838242	0.0005424139205202769
0.150727	-0.0001440519712144739	2.9418003588415767e-05	0.0001470251316813002
0.150787	4.097057731528565e-05	-0.0001575344139942921	0.00016277493602539925
0.150847	-0.00020632413669641165	-0.00016857908838248842	0.00026643678128852703
0.150907	0.0004907526704658134	0.00030984996040497837	0.0005803836502971926
0.150967	0.00018842814143310528	-0.00010907841285195888	0.00021772290792251676
0.151027	-0.00040642573685669857	-0.00034259197532703013	0.0005315553979953424
0.151087	5.931156298956638e-06	0.00026166680956405904	0.0002617340211788987
0.151147	0.0003972320338833464	0.0002846541738798607	0.0004886934493630195
0.151207	0.0001621059321926982	-5.2708964040004974e-05	0.00017045987252791844
0.151267	0.00012179497373842903	0.00042224471998877856	0.0004394594625063234
0.151327	0.00027806407690947007	0.00030383055375077743	0.00041186482765589457
0.151387	-7.096955543852192e-05	-0.00018857305105402829	0.0002014856654528222
0.151447	7.519339208752226e-05	-0.00011105178714266914	0.00013411392784199765
0.151507	0.00034285508657782893	9.477257674615856e-05	0.0003557125970434518
0.151567	-0.00031111096869614285	-0.00045514311720720307	0.0005513123361436257
0.151627	-0.0003505014346167379	0.0001738121792704261	0.00039123129901776283
0.151687	2.683447351716517e-05	0.00017359447530735858	0.0001756562860423178
0.151747	-0.0006383831734840452	-0.00012077557657252797	0.0006497074850145926
0.151807	-8.045318477914465e-05	0.00016266052210630789	0.00018146944754697379
0.151867	-0.00012437290203830064	-0.0005047799705588084	0.000519876367455552
0.151927	3.74393958455954e-05	4.2262231456294854e-05	5.646064619669726e-05
0.151987	0.000291209020932581	-0.00043554843588008475	0.0005239323752833955
0.152047	-0.00013173526698888538	-0.00032728956966864735	0.0003528068068823521
0.152107	7.321294018320545e-05	0.00023430661813430705	0.0002454785650760685
0.152167	0.00035985244474435394	-6.181816135918938e-06	0.00035990553877264324
0.152227	-0.00028693308394912284	-3.251344453868546e-05	0.0002887693175188883
0.152287	9.191511753851393e-05	-0.00017559693691334636	0.00019819856983709186
0.152347	0.0002389151840599189	-0.00012646664692750619	0.0002703225443048941
0.152407	4.535613294022616e-05	-4.810705161891797e-05	6.611707200683275e-05
0.152467	0.00020068710441191085	6.100907102224593e-05	0.00020975562119818065
0.152527	-0.00016284937343811955	0.00024297292124587786	0.00029249916049100665
0.152587	0.00018573867189474906	-0.00015726514324832202	0.00024337456629266026
0.152647	4.293654615528119e-05	9.049630504641011e-06	4.38798679124621e-05
0.152707	2.648242654866982e-05	0.00048624029636544584	0.0004869609273088163
0.152767	0.0001219814649597054	-0.00020166546800056453	0.0002356871629461447
0.152827	0.0001563303270689347	-4.020278124916305e-05	0.0001614169593990921
0.152887	-0.000205827804989616	-9.958045881818653e-05	0.00022865116025352667
0.152947	1.5299512819913193e-05	0.00037821576445982844	0.00037852508447718376
0.153007	-3.28819704791944e-05	4.106320509517293e-05	5.2606185903207695e-05
0.153067	-0.00024341954682414449	-0.00019531490299836346	0.0003120913121336959
0.153127	-0.00021183625166598804	0.0005044146400080171	0.000547091150151703
0.153187	-0.00022680654780829216	-0.00022013756690078337	0.0003160723943809582
0.153247	9.608844648088858e-05	-9.73664395848507e-05	0.00013679624667563425
0.153307	-0.0001247380084953884	-4.682653835000653e-05	0.00013323774036375812
0.153367	-0.0002261784129523186	0.0006216794747609571	0.0006615451940908414
0.153427	7.391750342096583e-05	0.00014412850237355463	0.00016197784573339727
0.153487	0.0001670018328653894	-3.167411125632892e-06	0.00016703186723987203
0.153547	8.910438001833354e-05	-0.00014271514549774018	0.00016824744661626443
0.153607	0.0003576044078818044	-0.00014140990036376323	0.0003845486607145907
0.153667	4.0366483191658356e-06	0.00011969177519763281	0.00011975982456405526
0.153727	0.0002042931929310949	0.00015713207102048614	0.0002577328004371362
0.153787	-8.21150180906813e-05	-5.918105115614048e-05	0.00010121893603461082
0.153847	-0.00028876605985684125	0.00013821389514730373	0.00032013890444154816
0.153907	4.375249951473414e-05	-0.00022385548597599964	0.00022809112173720786
0.153967	0.00017617044268948388	-0.00017657834535899297	0.00024943122684846123
0.154027	0.00013662457224715977	-0.00016314778317845375	0.00021279913744600361
0.154087	-0.0002102023140298084	0.00031287597788915675	0.0003769302194884118
0.154147	0.00025433410032647314	-0.00021073012627767477	0.00033029232614440384
0.154207	-0.00012636416217169045	-0.00021489917065543225	0.00024929812480190434
0.154267	-3.3220213187490566e-05	-8.70211460176263e-05	9.31464568217351e-05
0.154327	0.00017004563954889118	-8.118438066268738e-05	0.00018843148142806592
0.154387	-4.5585217041909786e-05	-5.0278261798127057e-05	6.786689636486278e-05
0.154447	-9.444967744312477e-05	-0.00016233652138852915	0.00018781343867156763
0.154507	-0.00040571577233706893	-0.00022554388715526275	0.0004641932064950652
0.154567	6.648248596481012e-05	-0.00018252946801614143	0.0001942599486109187
0.154627	0.00013849538207257985	0.000453716616803223	0.0004743835359904394
0.154687	-0.00035482257984366324	-0.00023033945246857108	0.0004230311176857252
0.154747	-0.00013583223571157595	-0.0003792405076512871	0.00040283217212880486
0.154807	-0.00015298555588967106	0.00018430767687244707	0.00023952849530899247
0.154867	0.00023647587026491218	0.00029078181778552847	0.00037479981693192417
0.154927	0.00020669801591672842	-6.741606483332487e-05	0.0002174143407908576
0.154987	0.0001544201231899281	1.8470720632877486e-06	0.00015443116952610167
0.155047	0.0002467928620414645	2.7243175969749937e-05	0.00024829198011924606
0.155107	0.00017395313531146623	-1.7706655015829346e-05	0.0001748519914571718
0.155167	0.0001657726713669223	4.476789082704738e-06	0.00016583310951862612
0.155227	-0.00032611457188740523	0.00011849460883923026	0.00034697505143924654
0.155287	-0.0001289832855056503	0.0003077083100038081	0.0003336481559745712
0.155347	-1.3565613323573565e-05	-0.00010054691713402305	0.00010145791447689438
0.155407	-4.024936344527037e-05	-3.075141831828773e-06	4.03666663849683e-05
0.155467	6.998245635056515e-06	6.318606665807994e-05	6.357243476293722e-05
0.155527	0.00030018743753091383	-0.00010908375091465833	0.00031939280261926304
0.155587	-0.0003103218185419542	0.00012598672228469177	0.00033492131203496976
0.155647	0.00012927176561628183	-0.00012488025454179512	0.00017973944297224926
0.155707	0.00016798904153547987	-0.0001776874513659895	0.00024452637577355546
0.155767	-7.032409502008799e-05	0.0003085261469151458	0.0003164393491187537
0.155827	5.059007695554506e-05	-0.00020908385236020704	0.0002151172080614492
0.155887	2.7855298992074734e-05	0.0001810202142607483	0.00018315085490639977
0.155947	0.00018973429989915393	-9.980036094852514e-05	0.00021438100802934477
0.156007	-0.00022275573029813505	8.413585504009367e-06	0.00022291456614965466
0.156067	0.00019494709841518364	7.756953475192509e-05	0.00020981278298075502
0.156127	-0.00011792198129318149	-9.287523227452034e-05	0.00015010463830993214
0.156187	-0.00027715084869986276	-0.00018386044802558011	0.00033259172762295405
0.156247	5.212804403549164e-05	-0.00026712618183742594	0.00027216489486707815
0.156307	-0.000213589920187767	3.727711806286873e-05	0.00021681844371937027
0.156367	-0.00016930644461669013	-0.000536500095825407	0.0005625806831108008
0.156427	-0.00020534238075635728	0.0004015175197788033	0.000450978726797629
0.156487	0.0002767687267454721	5.446779737527146e-05	0.0002820774167763585
0.156547	8.997124170115274e-05	0.00016134567449060746	0.00018473562463714547
0.156607	-1.297496584584654e-05	-9.885189278499263e-05	9.969978157386586e-05
0.156667	-0.00022096471917267511	-0.00039126769583419153	0.00044935043888089907
0.156727	-1.2457007309011374e-05	0.00019657461911462456	0.0001969689262578148
0.156787	4.868029464494126e-06	0.00010836473109825974	0.00010847401834939704
0.156847	-0.00037335839296010474	0.00039879937794763437	0.0005462942736704935
0.156907	-4.424472139724801e-05	0.00018592823954891556	0.00019112013403427443
0.156967	0.0004183008033773201	-0.00016656350862983947	0.00045024322817027913
0.157027	0.0003196517755864438	-0.00010739350654941565	0.0003372100575079955
0.157087	-2.557242087490786e-05	-0.00028826680067859213	0.00028939885466752383
0.157147	0.00034432653387592046	-2.0374113865348945e-05	0.0003449287846016966
0.157207	-0.00024068605031908355	0.0005448415696849184	0.0005956358878332687
0.157267	0.00012417612526508304	-1.3316161318302201e-05	0.00012488807083987103
0.157327	0.0003766514250198574	-0.00026506164109523867	0.00046056917998232405
0.157387	0.00029295539320293453	7.789104743463457e-05	0.0003031334321336901
0.157447	0.0002653870356593502	-6.41862061590648e-05	0.00027303872940876204
0.157507	-0.00016795299736173413	0.00024596438573287055	0.00029783668070225834
0.157567	-9.759121299298476e-05	0.0001311240698189059	0.00016345509028266886
0.157627	-6.546005352737748e-05	-6.769820226609665e-05	9.417040510621402e-05
0.157687	0.00020347722927072678	-0.0003134462007134191	0.00037369975056637236
0.157747	0.000147956131971673	8.669016461531453e-05	0.00017148236535880138
0.157807	-3.370158008169592e-05	1.0773328428212577e-05	3.538164927508463e-05
0.157867	-0.00028039979388504074	-0.00031839388626371323	0.00042426254986845547
0.157927	-0.00019243569197077343	0.0002121604056220617	0.0002864324235452197
0.157987	6.834807319753514e-05	0.0002664780975073481	0.000275103681474733
0.158047	0.0004030385392321474	-0.00039676381465235676	0.0005655630722774189
0.158107	-0.0001851715143128107	-0.0002853235678591903	0.0003401441284055884
0.158167	9.010958546311606e-05	0.00010802444399028484	0.0001406734441596736
0.158227	-0.00013254806183775764	-3.22391247172394e-05	0.00013641242560514692
0.158287	0.0004714079191194642	-1.6336487587069028e-05	0.0004716909020059914
0.158347	-0.00026679577443602893	6.871796582175502e-06	0.000266884257394825
0.158407	0.00022409258878893035	-0.00016609091719569776	0.00027893311227789497
0.158467	-8.201008338448791e-05	0.00019416905194145163	0.00021077778466568246
0.158527	2.250145763648349e-05	-0.00024987751288083906	0.00025088859487685036
0.158587	-9.206691151143984e-05	-6.972191085965062e-05	0.00011548792598872126
0.158647	-0.00012706100211037175	-0.00017383863389110955	0.00021532386976463877
0.158707	0.0001318869835729972	-0.00028465205640007096	0.00031372116544596285
0.158767	-0.00031765763237246353	9.877869491264413e-05	0.0003326613923693647
0.158827	0.00010141459697554392	0.0003459122160484741	0.00036047216493271465
0.158887	0.00022845639695623745	-0.00042749971774063843	0.0004847146933800867
0.158947	0.0003256044623013451	-0.0001941970598927925	0.00037911840359121704
0.159007	0.0001943808109743595	0.00019582744710638106	0.00027592080152690943
0.159067	-0.00014690656951285046	-0.00011603525072725746	0.0001872050201713925
0.159127	-4.4429954725143416e-05	0.0001461209410725535	0.00015272639030896706
0.159187	0.00046184034710069566	-0.00028645211744618405	0.0005434623462573037
0.159247	-0.00039095332964087653	-0.00030868057034079557	0.0004981246836518009
0.159307	-5.9594790909567655e-05	0.0004512580884593822	0.0004551762312594658
0.159367	-5.766461992662743e-05	-1.708715790747691e-05	6.0142990918622e-05
0.159427	0.00017072493651964244	0.00039210891688460514	0.00042766389448964956
0.159487	0.00022773925693334528	0.00013688354975707268	0.00026571088675974354
0.159547	9.77646706325267e-05	-0.0003332728799890108	0.00034731648875349413
0.159607	0.00047733328936012	0.00030896417385631216	0.000568599973494605
0.159667	-2.7713161035121446e-05	0.00029567824033804705	0.0002969741421470268
0.159727	6.649796896249227e-05	0.0005296060036878559	0.0005337644602428657
0.159787	0.00034375997316400973	-0.0002493288294311514	0.0004246596099645325
0.159847	5.648983370234859e-06	3.140357205197209e-05	3.190760647150758e-05
0.159907	0.0002560649693982838	-0.00017961230737913097	0.00031277763589329633
0.159967	0.00032631601837284274	6.366314334168321e-05	0.0003324682536225814
0.160027	-1.5220621266128582e-06	-9.364137797247822e-05	9.365374707774269e-05
0.160087	-0.00019151260370141115	7.822524112685805e-05	0.0002068725833111987
0.160147	0.0002486162669156558	-0.00011975673519161799	0.00027595601787029747
0.160207	0.0002393727209179504	8.11614565602691e-05	0.000252757752701371
0.160267	0.00014808355209317112	7.703676871723268e-05	0.0001669233420912825
0.160327	-4.4634504720510076e-05	9.50628957141728e-05	0.00010501996549803722
0.160387	-0.00023303716583112743	0.00013897515652721068	0.0002713308216741458
0.160447	0.00043629667890075655	0.0001361042025135606	0.00045703298126249293
0.160507	7.066386879329067e-05	0.0001075593327538463	0.00012869495877961977
0.160567	5.103269998575654e-05	-0.00021509143184067123	0.0002210625715020667
0.160627	-0.00017917911159646624	-5.011565088576803e-05	0.00018605572416940868
0.160687	0.00015573619362197844	-0.00017928118599372218	0.00023747737924943076
0.160747	0.0001502306240638704	-0.00020283435464913302	0.00025241041149792184
0.160807	0.00021856448343452443	2.8247877107765056e-05	0.00022038234044518155
0.160867	-0.0004069520105277209	-0.00046388272196984577	0.0006170876101613996
0.160927	0.00019934702310637147	-0.00018488300458816473	0.00027188409480313394
0.160987	-0.00014434455199158045	-0.0001420413853658437	0.00020251198692002948
0.161047	0.0001399108044295083	0.00015134686758736752	0.00020610897002464566
0.161107	0.00018882822011761293	-0.00020454342514002172	0.00027837763825565683
0.161167	0.00035661477112901963	-3.473703983180642e-05	0.00035830260524266297
0.161227	6.743619022144687e-05	-0.0003628239784295049	0.0003690377745908907
0.161287	3.8798425013897344e-05	-0.0004532586214514974	0.00045491614139714896
0.161347	-0.00011491035292164293	-0.00023634278150610883	0.00026279706919716747
0.161407	-0.0001999796153360436	-0.00029609798645491395	0.0003573036021825226
0.161467	0.0003828036401558965	-0.00032449838502881633	0.0005018344635464119
0.161527	0.00024235204448391879	4.288692083324568e-05	0.00024611745457015524
0.161587	-0.00020460947249098781	0.00025119587449975956	0.0003239821038247935
0.161647	0.000357193047472004	0.00013854207691574037	0.00038311979880771525
0.161707	0.00016269385879752235	-0.00040673549436797546	0.00043806740813394184
0.161767	-0.00014356665521613469	-6.917935823030663e-05	0.00015936488978161278
0.161827	-0.0001404534678486418	-0.00025156749545133356	0.00028812042863768996
0.161887	0.00015384655094727713	0.0001267628944989202	0.0001993429022065183
0.161947	-0.0001930414022589964	-4.21306364610993e-06	0.00019308737113391396
0.162007	-0.0001318754925540054	-0.0001389864038429942	0.0001915942744175029
0.162067	-0.0001418631114762384	-0.0001928419714469298	0.00023940168827570564
0.162127	-3.058060433189924e-05	-5.8528683321303044e-05	6.60362031966523e-05
0.162187	8.061335317105614e-05	1.772880286122808e-05	8.253982772197744e-05
0.162247	-0.00025574766047893236	-0.00011237057913978284	0.0002793456870915631
0.162307	-0.00012896483495988316	-0.00018865502365327633	0.00022852274855219152
0.162367	0.00010320768405362725	-9.370201640743737e-05	0.00013939832827739723
0.162427	-0.00012354885427413693	2.4989440049840697e-05	0.00012605074972588028
0.162487	0.00025351351703474057	0.00022418611497837136	0.00033842062210867
0.162547	-0.00023969243549627577	8.694877412653136e-05	0.00025497559286379333
0.162607	0.0002927514215865605	0.0002097468481993149	0.00036013488468974856
0.162667	-9.759299721894262e-05	0.0003477148295952828	0.00036115093219684914
0.162727	0.00014315204749810545	0.0002984734997961621	0.000331027096751111
0.162787	-0.0002481107416210546	0.00039217546425834843	0.0004640695366795809
0.162847	0.0002460218067628341	0.0003078258606699511	0.0003940602617621389
0.162907	-0.0004652038394142422	8.000870985629818e-05	0.00047203390329363137
0.162967	-0.0001051307162026788	0.00017040435465326618	0.00020022515220142627
0.163027	-5.4062376654688584e-05	-7.223038938690171e-05	9.022178074354806e-05
0.163087	3.5848245159466105e-05	-1.485270096815636e-05	3.880334273052591e-05
0.163147	0.00014697037785306224	-0.000319504352034125	0.00035168639856414407
0.163207	3.24955096357455e-05	-0.00021352111843880552	0.00021597968924379267
0.163267	6.916992066573808e-05	-7.276003285964445e-05	0.00010039173425457417
0.163327	-9.17997508362826e-05	8.397966147913704e-05	0.0001244177551467395
0.163387	9.421410329111527e-05	0.0002486235435522873	0.00026587584257966164
0.163447	-8.239511874725121e-05	-0.0003011541008015326	0.0003122222734254449
0.163507	0.00019396474936892583	0.00014475880089330414	0.0002420277555029949
0.163567	-0.0002399873676240217	-6.191365521512069e-05	0.00024784518821474865
0.163627	8.57206731637957e-05	-0.0003587848638863403	0.0003688829250068293
0.163687	-0.0001502415861368581	-2.2775243231822407e-05	0.00015195803996231205
0.163747	0.0002962523309967372	-0.00033660376676381427	0.0004484055523971448
0.163807	-0.00026800709701246817	-0.00012167985540175415	0.0002943361874789478
0.163867	0.0002692085566085299	-0.0003773622295339996	0.0004635466527008032
0.163927	-1.5976912750874026e-05	0.0002550059843311258	0.0002555059955964545
0.163987	-0.0005637910972355526	-6.0916071758525646e-05	0.0005670724549125607
0.164047	-0.00021112113235683186	-0.00021046022026271303	0.00029810339957917387
0.164107	0.0001986600244203498	6.684944055960088e-05	0.00020960594697151506
0.164167	0.00018081773389396692	-0.00023068800410582283	0.0002931075026826805
0.164227	-0.00017592043107491476	-0.00017946211497155742	0.00025130588687821925
0.164287	-0.00030785504147022363	0.0002815792568002357	0.00041720690840254095
0.164347	-0.0004615856843074473	-0.00015645046397770595	0.00048737879686791243
0.164407	-0.0005207203164038783	-7.610226763255071e-05	0.0005262520337771357
0.164467	0.0004012234694602141	0.00039089135927581427	0.0005601574128780097
0.164527	5.9903742617213205e-05	-8.968107500221708e-05	0.00010784782609354077
0.164587	-0.00010393372956496452	4.165877753385718e-05	0.00011197175486210165
0.164647	9.04724113803387e-05	0.0004397413933677176	0.00044895183512483274
0.164707	-6.055089447990103e-05	-0.00038649574284242005	0.0003912101354229338
0.164767	0.0003496057669963109	-0.00043789315533691875	0.0005603343714319171
0.164827	-2.8714945185511886e-05	-7.133229832258491e-06	2.9587684006132936e-05
0.164887	-0.0005838376862190079	0.00015181392155574075	0.0006032527750683765
0.164947	-0.000304042216028449	0.00015559470262864244	0.00034154264830850293
0.165007	0.00021923647028768844	-0.00033376971675534576	0.0003993330110661379
0.165067	0.00038680247494813746	8.111760176346766e-05	0.00039521667467588086
0.165127	0.0001394386665961059	0.0001557554710668919	0.00020905240613149943
0.165187	6.837563314253967e-05	-8.40951188184327e-05	0.0001083845755480432
0.165247	-1.2811462814597617e-05	0.00010922979139403244	0.00010997854748737893
0.165307	0.00011639272770393001	-0.00033125055881116043	0.0003511042576999989
0.165367	-8.705910477058967e-05	-0.00015336824454987918	0.00017635505708589152
0.165427	0.0003806025218181929	-1.346934373660302e-05	0.0003808407841015229
0.165487	-0.0002692565045618683	0.00010677093824742906	0.000289653410998579
0.165547	-5.6652775182623996e-05	5.8034735386245e-05	8.110220371385981e-05
0.165607	-0.00021505951339365726	-0.0001705238846340205	0.0002744612714606441
0.165667	0.0001807538066645145	8.014328293153512e-05	0.00019772426361667597
0.165727	-0.00012693864131033806	-0.00031458786434784006	0.00033923287436899406
0.165787	5.556546477368407e-05	0.00012629093453791698	0.00013797434914496228
0.165847	5.116787303092653e-05	-0.00015346294325963323	0.00016176843383187717
0.165907	-0.00023658837586627312	-2.071731907062777e-05	0.00023749371971594347
0.165967	-4.4796860566759356e-05	-0.0005354917490844555	0.0005373622354186858
0.166027	8.406721843637923e-05	3.261903639950305e-05	9.017371430334898e-05
0.166087	0.00015593857034865638	-0.0003427895459001408	0.00037659196818414436
0.166147	0.00027956837621938036	-8.316123919350663e-05	0.0002916749366780434
0.166207	0.00023198242749270922	0.0003055471511132531	0.0003836338204835898
0.166267	3.748127550183989e-05	-0.0001864933484204451	0.00019022254077346971
0.166327	0.00012840664177117187	0.00022687477051068462	0.00026069220768029465
0.166387	-0.00012805942758026089	-5.165633483505555e-05	0.00013808545875933302
0.166447	-0.00013354931663738705	9.66207450594698e-05	0.00016483624707618202
0.166507	4.667548228493018e-05	1.861614681154394e-05	5.0250985747941195e-05
0.166567	-9.589115046782655e-05	0.00020646093885437217	0.00022764277280571012
0.166627	-9.364274603970886e-05	-3.421714652905507e-05	9.969843029079362e-05
0.166687	-0.00021771339246191263	-0.00014916982211376066	0.0002639142987538299
0.166747	0.0002486011934490977	0.00036427474569785003	0.00044102000378389754
0.166807	0.00010506262911059484	0.00014518043014663821	0.00017920801693337637
0.166867	0.00040166547732812467	0.00022183965830142646	0.0004588550856997489
0.166927	-6.957987868943974e-05	0.00017383743170161633	0.00018724532618746796
0.166987	-8.303913211535304e-05	-0.00017887708528498543	0.0001972118381399124
0.167047	0.00029033323318944143	-4.990510220586257e-05	0.0002945910818752193
0.167107	-0.00015387313587324138	-0.0007467540436603276	0.0007624424854810463
0.167167	-7.381122939161481e-05	-0.00043057814764277115	0.0004368588316742396
0.167227	0.0003542513785541263	0.0002672856489537002	0.000443774331551634
0.167287	0.00018373588730241533	-0.00031261980115651324	0.0003626155213968974
0.167347	5.974379754107806e-06	-9.97686842606019e-05	9.994740403101006e-05
0.167407	0.00020876848735913275	-0.00012109123773885535	0.00024134491743425706
0.167467	0.0001437053587139824	-9.567520780114909e-05	0.00017264117559524268
0.167527	5.513470489442282e-05	0.00013491319906982393	0.00014574432053102114
0.167587	-7.643949971576426e-05	0.00016182458515290264	0.00017896981163510612
0.167647	0.00013104530226045193	-0.0006176612956028674	0.0006314098093396602
0.167707	3.762189343509774e-05	-1.018851705636916e-05	3.897707974502163e-05
0.167767	0.00022601143893421425	-0.0002201642088000445	0.0003155209174772152
0.167827	5.752922158040338e-05	-5.465430146296617e-05	7.935177379272588e-05
0.167887	0.00016597738584800197	-0.0001705713485363789	0.00023799806208130218
0.167947	0.00011238004072580565	-0.0002877163786241596	0.00030888507261137515
0.168007	8.247188530238024e-05	0.00019311585286350567	0.00020998891516584427
0.168067	-0.00013915698520171907	1.0539900908453485e-05	0.00013955556614335195
0.168127	0.0004567004258975516	-0.00020872310786202396	0.0005021360520522173
0.168187	-3.351569016776374e-06	0.000232532519769758	0.00023255667215830878
0.168247	-0.0003425892497527748	-0.0003125500643693145	0.0004637401608481109
0.168307	-0.00013756833590715885	8.661795177704749e-05	0.0001625660377025774
0.168367	0.00019852907437362854	0.00010196877543696618	0.00022318473186077082
0.168427	0.0002264350984230285	-0.000274963193535498	0.00035619883716414113
0.168487	3.6539786213712254e-05	4.6664271887233037e-05	5.9268121678600574e-05
0.168547	0.0003628419393069914	-0.00013370980555839102	0.00038669443365856867
0.168607	-0.0001040675057918555	-0.00011223718956595603	0.00015305957168175476
0.168667	-0.00017722665396029694	0.00026463658801588106	0.00031849931018865647
0.168727	-6.200319000806845e-05	-0.00037522741510820004	0.000380315669700787
0.168787	0.00011229959817605675	-0.0002632780705631669	0.0002862281296273441
0.168847	2.6546284455044283e-05	-0.00014568448053101183	0.00014808333156016883
0.168907	-0.00014920469111270765	-0.00019194617745012013	0.00024311597003848082
0.168967	8.404117567979957e-05	8.850086221443868e-05	0.00012204639209063903
0.169027	-0.00026271152931166416	0.00018290281081952023	0.00032011058376591454
0.169087	-0.0004131623509662316	-0.00012882048475481287	0.0004327792110862172
0.169147	-1.5198051967616516e-05	5.382600405838719e-05	5.5930488076753684e-05
0.169207	0.00023020225327299268	0.00022763652662068806	0.0003237459894174664
0.169267	0.00012554677023068498	-0.0003597302162416428	0.0003810089500164209
0.169327	6.368394076928851e-05	7.302578280422471e-05	9.689380406442947e-05
0.169387	0.00023978781158625514	-0.00027810215619938623	0.0003672043080739566
0.169447	-0.00029019500831142965	-1.949895692611274e-05	0.00029084936336543207
0.169507	-0.00011974331526753561	-5.760789987579391e-05	0.00013288014027445908
0.169567	6.440798577832878e-05	-3.798540419829201e-05	7.477485917157599e-05
0.169627	0.00019149239661374508	2.7018749475586835e-05	0.0001933891175431037
0.169687	-3.633986789761243e-05	-0.00032654586419077745	0.00032856169499641556
0.169747	-0.0001201595847358981	-0.00027876415162747276	0.00030355852489509847
0.169807	-9.432001526410567e-05	-0.00020842506636012362	0.00022877341096955097
0.169867	-0.00015875056800803	6.637321519240798e-05	0.0001720672732911458
0.169927	-0.0001156154028539499	-0.0001757839054123301	0.00021039701228651547
0.169987	-0.00019175463366638822	-0.00011925613708980838	0.0002258137855980319
0.170047	3.7024765824755516e-05	-0.00010604507213174508	0.00011232270744513329
0.170107	-1.3070909536481804e-05	0.00029360858153466005	0.0002938993838491432
0.170167	-0.00026382120643448324	-0.0002920795174433447	0.00039358871106077634
0.170227	6.215402104554356e-05	4.239783014822114e-05	7.523761249140805e-05
0.170287	7.310550394866559e-05	0.00010767009348135093	0.00013014324315104188
0.170347	-0.00011689602038803576	-0.00020269583252487312	0.00023398777768403092
0.170407	0.00040536336785733677	-2.479821751804523e-05	0.00040612117845873884
0.170467	-6.54077524531955e-05	-2.1232674207294176e-05	6.876772887751635e-05
0.170527	-3.6387810514078416e-05	0.00010099921766105532	0.0001073541555886576
0.170587	0.0003190399986772374	0.0002617091709455183	0.00041264780492929095
0.170647	0.00017739683140182618	0.00010010258369263075	0.00020369134260775072
0.170707	5.9487145098901205e-05	0.0002517165784190889	0.0002586502586177541
0.170767	-5.7798233704250225e-05	-0.00022448296011773238	0.0002318043036756448
0.170827	0.00017158592548231495	6.645566881542244e-05	0.00018400566768805697
0.170887	0.00019184089159025896	0.00016277724030564145	0.0002515936359442862
0.170947	-2.8113947345887683e-05	1.4764736872664242e-06	2.8152690988900783e-05
0.171007	-0.00029962084361515826	-0.0001820756637000305	0.00035060547234814485
0.171067	0.00011006220700811665	-2.3632938666463676e-05	0.00011257088967184348
0.171127	0.00021138798979526997	0.0004439614958700333	0.0004917181022139034
0.171187	0.00032762334619905557	0.0002770326713987659	0.0004290502977472488
0.171247	-0.00017121257273303858	0.00017034404256922083	0.00024151777967820618
0.171307	8.464262309699321e-05	-0.0003454341243226513	0.0003556530723771363
0.171367	-3.415335174073265e-05	1.4679977117520477e-05	3.7174630641031665e-05
0.171427	-0.0002009575309875515	-2.3201660949941374e-05	0.00020229247719934804
0.171487	0.0001888171887340232	-0.00020540867077722982	0.000279006546145226
0.171547	-0.00014449686386919756	0.00021335686916930838	0.0002576829394619729
0.171607	0.0003450506027428979	-0.000228163028435167	0.0004136644606416461
0.171667	-6.701961888170466e-05	-0.00029938788391360504	0.000306797546191809
0.171727	-8.697927419106557e-05	6.883746739088904e-05	0.00011092335667295809
0.171787	6.353513922004982e-05	-0.00034739178320215564	0.00035315402440307066
0.171847	-0.00012881801240551018	4.710504936495431e-05	0.00013716036598004891
0.171907	-6.684432673985827e-05	-0.00024941234008870873	0.00025821440588361957
0.171967	9.882417668467354e-05	-0.00014505160803500775	0.00017551691340422182
0.172027	5.356682625419742e-05	-0.0002179188431021138	0.0002244059425548064
0.172087	0.0002993621408410757	0.00024063242006477198	0.00038408547610549
0.172147	0.00013824146285440516	4.1869345251621124e-05	0.00014444287495035996
0.172207	-5.952299456373977e-07	-5.1174557115392374e-05	5.1178018666657464e-05
0.172267	0.00015051192104576316	-0.00010231167427372045	0.0001819931786347442
0.172327	-0.00036941167925703586	0.00023596920311144882	0.000438345130677364
0.172387	-0.00017239393612715394	1.1756285163994822e-05	0.00017279432703150413
0.172447	-8.17304890745767e-05	1.775038922614228e-05	8.363581267644291e-05
0.172507	0.0003321572708753264	5.804808556454316e-05	0.00033719138902565927
0.172567	0.00017621889769261546	-0.00011177852153356971	0.00020868046813305547
0.172627	-0.00014213391548517957	2.9502578582901692e-05	0.00014516353562168586
0.172687	0.00011202425609167182	7.502906619790545e-05	0.00013482876075757036
0.172747	-0.00016396333529799265	0.00017299166896632065	0.00023834867915261253
0.172807	-2.339026503116503e-05	2.5462431662196135e-05	3.4575134481013226e-05
0.172867	0.000394464872646096	0.00018314304810052232	0.0004349067852071878
0.172927	0.00039414341476530387	0.00013447362608262078	0.00041645190300281117
0.172987	7.131455986136536e-05	0.00024312178255244267	0.0002533652849142863
0.173047	-8.83082250515665e-05	-1.7087455363378292e-05	8.994622695007036e-05
0.173107	0.00016485007627237337	1.4414639787973164e-05	0.00016547909078558638
0.173167	0.00033771847871624425	-0.00014537729605495998	0.00036767965550825053
0.173227	-7.59762525974874e-05	0.0002469673874515369	0.0002583897858341052
0.173287	-0.00027663510763263545	-0.00036573206379988786	0.00045857052376515115
0.173347	8.400346609185297e-06	0.00033100086712763843	0.0003311074445892194
0.173407	-0.0001466284065001571	0.0002472985697374821	0.0002875003864118788
0.173467	-0.00016055423208950688	0.00018861884089548805	0.00024769886673662575
0.173527	-0.000116238291150885	0.00010298096949892597	0.0001552946245322633
0.173587	-0.00027142357600433117	-1.9917329672509282e-05	0.00027215337152470176
0.173647	0.00013601059558152745	1.766788463062211e-05	0.00013715333119455314
0.173707	-1.0944590077152107e-05	9.854338536415265e-05	9.914929576645914e-05
0.173767	1.9114973759707708e-05	-0.00027178638173679977	0.0002724577389604042
0.173827	-0.00019696868886321395	-0.00022436259711965968	0.00029855525347709477
0.173887	-0.00010501151231883662	-0.00034225213442323874	0.000357999917928415
0.173947	-0.00037539483660173974	3.682059443977126e-05	0.00037719628778945454
0.174007	-3.879784090188183e-05	-0.0001269901318549252	0.00013278466043628316
0.174067	4.567725098395908e-05	7.813962798114533e-05	9.051084309895352e-05
0.174127	0.0005268271934475632	-0.00012558863046389438	0.0005415896932712372
0.174187	-4.041195884206933e-05	-0.00044256683052161923	0.00044440806236543994
0.174247	7.244149740280863e-05	-0.00012431374574142028	0.00014388077677794076
0.174307	-7.832742483709866e-06	-0.0001221744610737159	0.00012242528657703454
0.174367	-0.000184030890530495	0.00013837952128293156	0.00023025260167898286
0.174427	0.00020922935590945258	9.398366411131698e-05	0.00022936837727566812
0.174487	-0.0001628517496980764	-0.000307650653851351	0.0003480942648118304
0.174547	0.00012284539247949254	-0.0004119701237830648	0.00042989577032494084
0.174607	9.772723657879369e-05	-3.600530687227008e-05	0.00010414890730244772
0.174667	-2.824254498042585e-05	-0.00016723299151879924	0.00016960104598527144
0.174727	-0.00012884746508310397	-2.9786757201880362e-05	0.0001322456810748293
0.174787	-0.0001903872460882435	-8.066138641745455e-05	0.00020676934669300312
0.174847	0.00030711062242191683	-0.00011000040124775211	0.0003262162207479015
0.174907	-0.0001476391019125219	-0.00022170941478739115	0.0002663688589510859
0.174967	7.388606844070788e-05	5.128193083021141e-05	8.993879885399603e-05
0.175027	0.0002556433984054209	0.0005186791823858485	0.0005782574179279718
0.175087	-0.00016430021970917407	-0.0004192286668545833	0.0004502746243229281
0.175147	0.00022200557068309486	-0.00021658310693679482	0.00031015272951357645
0.175207	0.0004668628408839602	-0.00020793036058812207	0.0005110733284495958
0.175267	0.00016400813374746118	-0.00010033167635363338	0.000192263135351672
0.175327	-0.00029890478197082485	-0.00047283396475625636	0.0005593889763949116
0.175387	-9.498851740831832e-05	0.0001322849962703869	0.00016285619017306852
0.175447	-0.00014558641234257308	0.00042728779402847084	0.00045140919616740047
0.175507	3.1618786698140166e-05	-0.00015851728742382178	0.00016163996437907615
0.175567	-4.5731578666574496e-05	9.258885658368598e-05	0.00010326700175182517
0.175627	0.00013936384526582471	8.340257967373501e-06	0.00013961318444272758
0.175687	0.00023646180995875364	0.00018687372551179674	0.0003013900742486854
0.175747	-0.0003513065364338583	0.00011826707076052903	0.0003706796225413933
0.175807	-0.00011615777284213971	-9.95000540991276e-05	0.0001529473404717305
0.175867	-0.00019085565402707908	0.00018106832899369274	0.00026308101497195165
0.175927	8.439394535314347e-05	-9.662914695496209e-05	0.00012829470002113504
0.175987	-0.00013917955525314036	4.24092706333359e-05	0.0001454974049119553
0.176047	-9.901097030391845e-06	-0.00014720068482602255	0.00014753329568492415
0.176107	-0.0001609505318298205	-0.0001610601541944641	0.00022769595289650322
0.176167	-0.0002261691932017638	0.00019545063059835883	0.0002989204793165448
0.176227	0.00017196387302622848	7.791274895683762e-05	0.00018879081035948767
0.176287	-0.0004096857291201527	-0.0001174136502251374	0.0004261787910066643
0.176347	7.563422082865406e-05	-2.7135078115469988e-05	8.035451340584588e-05
0.176407	1.849209892233474e-05	6.753331013766206e-05	7.001932376639368e-05
0.176467	-3.718692091870297e-05	0.0002000923785794941	0.00020351861598638454
0.176527	7.05397324189454e-05	0.00029078732391679614	0.00029922085756248364
0.176587	0.0003163949076337693	0.0002207783750931017	0.0003858093162241313
0.176647	0.00034301027856743505	-9.820739392082175e-05	0.0003567922973154393
0.176707	0.00012307679205582166	6.036278305501078e-05	0.0001370823195050998
0.176767	0.0003290164892423023	-0.0004111732155687246	0.000526607314224228
0.176827	0.00019956735824430772	0.0001040281696881531	0.00022505330605276393
0.176887	-5.9554188997605244e-05	-0.00043092345991670286	0.000435019229154005
0.176947	0.00014595064198104758	-8.272995338800972e-05	0.0001677672050260783
0.177007	-7.924491545221036e-05	-2.32976967653373e-05	8.25986640303436e-05
0.177067	-7.893531520787162e-05	1.727525759274691e-06	7.89542166841962e-05
0.177127	0.00021210835021131228	-0.00023056344758863964	0.00031328813509822563
0.177187	-0.0002596469721690036	-0.00016932866046083105	0.00030998184690396105
0.177247	8.096118628993491e-05	6.18724454058701e-05	0.0001018965808355507
0.177307	-3.407835853705552e-05	0.00012290882104982115	0.0001275457283190506
0.177367	6.239092001352793e-05	0.00015886436779399943	0.00017067663652275774
0.177427	2.8066135013436085e-05	-8.777621466114408e-05	9.215406553609921e-05
0.177487	4.267920881718203e-05	-4.31911790291898e-05	6.072061273729172e-05
0.177547	9.113626893817574e-05	-2.639124662515474e-05	9.488054286523258e-05
0.177607	-8.695897097668056e-05	9.597789622610947e-05	0.00012951300783053805
0.177667	1.4174839624721783e-05	-8.736846486967807e-05	8.851087352450405e-05
0.177727	0.0002060304488319921	-0.00013662563196971926	0.00024721470255030807
0.177787	-6.035493320221059e-05	0.0006108501942140053	0.0006138246310902905
0.177847	-8.836734485988542e-05	0.00012763597006346523	0.00015524087249055163
0.177907	0.000309754655354878	-5.740797722222435e-05	0.00031502955791920013
0.177967	-0.00016234607727772223	-0.00025216183462884346	0.0002999030504193786
0.178027	0.00014139276555801474	0.0003437601655789653	0.00037170279201402474
0.178087	-0.00014187054804811519	-0.00010444379691367436	0.00017616968841777922
0.178147	-1.3753506193997426e-05	-0.000418263344084204	0.00041848940719823425
0.178207	0.00023830879303787661	-0.0002663151228147975	0.00035737211066202436
0.178267	-0.00011920114110845198	-0.00024173125977947427	0.00026952349433051053
0.178327	0.00016851390704671765	2.0398096696056588e-05	0.00016974398138659135
0.178387	-0.000238918919399792	0.00015047392523793608	0.00028235554222234827
0.178447	0.00046095996330767196	-0.00024170288496217082	0.0005204847474918422
0.178507	-0.00015784529267188525	-0.0003615718777038384	0.0003945242187305522
0.178567	-0.0002182655616608013	-4.294109923114978e-05	0.0002224495300293631
0.178627	-0.0004847629026084947	0.0005617285539189678	0.0007419798110685409
0.178687	-0.0001126631706494305	0.00012162542765994596	0.00016578822236289117
0.178747	6.133050324110532e-05	-2.8904072785954326e-06	6.139857557014973e-05
0.178807	-5.364253503088457e-05	0.00045061002011520876	0.0004537917052930436
0.178867	0.00019414792518719913	-0.00045575514973971744	0.0004953848739805915
0.178927	-0.00022145927951995888	0.0003939023515724778	0.000451888564869512
0.178987	5.4674346190005874e-05	0.00010837613979453411	0.00012138645644415612
0.179047	-9.972775028433805e-05	0.00015385868127253764	0.00018335244197910104
0.179107	-0.0001685487903504277	0.00013269566915867495	0.0002145153498984652
0.179167	-0.0004275563732637322	0.00023083918465998854	0.00048589215006308157
0.179227	6.799953875169553e-05	-6.408300336779813e-06	6.830083150042695e-05
0.179287	6.504795014991096e-05	2.2749628452896963e-06	6.508771984524232e-05
0.179347	1.9120814561470358e-05	2.7163916997788437e-05	3.3218728695675225e-05
0.179407	0.00013630427514062967	5.819829648101869e-05	0.00014820896442153906
0.179467	7.829030669821824e-05	-0.0003065285031112147	0.00031636860675879813
0.179527	9.144108856317903e-05	0.00023589412934280386	0.00025299706112130754
0.179587	-0.0003354630116749448	-0.00021607183982565902	0.00039902690657105995
0.179647	-2.8491797469089376e-05	-0.00017908482780621657	0.00018133713925559168
0.179707	-0.00037234491634776214	-0.00016744668280344375	0.0004082635525146705
0.179767	-0.00024141510547386378	-0.00046657117022874336	0.0005253283830515688
0.179827	0.00018393893977931673	-0.0003641539062885373	0.0004079725493612774
0.179887	0.00023941916654685223	-0.0002815060420685401	0.00036954998177659817
0.179947	7.622716465981543e-05	0.00012720480067429147	0.00014829579207334523
0.180007	0.0001819911266300638	1.4883958136469998e-05	0.0001825987469340579
0.180067	0.0004217858179912709	0.00036510084609631734	0.0005578547338499623
0.180127	0.00032697075355145766	-8.331870497460231e-05	0.0003374194426476531
0.180187	0.00011335178633970135	-5.063718528894156e-05	0.00012414810510188187
0.180247	9.585589954891083e-05	-0.00013160614241999267	0.00016281440415701024
0.180307	0.00027475886887315957	-5.096662744688758e-05	0.0002794459395621413
0.180367	7.454457063255303e-05	-0.00017838600712015426	0.00019333509910790493
0.180427	5.880489112074543e-05	-5.774500506092203e-05	8.241662956714885e-05
0.180487	0.0002486428405854115	0.00018272750009239462	0.00030856539252547166
0.180547	0.0004970871542632539	0.0001143565895394824	0.0005100716307585059
0.180607	0.0001912665944198998	-1.361108031152089e-05	0.00019175028461056612
0.180667	-0.00026698885917908477	0.0001410446049680663	0.00030195468454115266
0.180727	1.837076809585662e-05	-6.624684911211079e-05	6.874685547510168e-05
0.180787	0.00021085738799960288	4.195014023502522e-05	0.00021498988892446397
0.180847	0.0002605620268757358	-0.0002476957855777353	0.0003595076800884274
0.180907	-8.378807482619265e-05	7.924252301640541e-05	0.00011532484093674355
0.180967	0.00013692747510914488	4.3931903101787706e-05	0.0001438024532124204
0.181027	-6.386161954138154e-05	-0.00016074936171355992	0.0001729701238415614
0.181087	-3.074193449916163e-05	-0.0005445151301341939	0.0005453822452938937
0.181147	3.724108681778405e-05	3.8398069070663516e-05	5.349121662221916e-05
0.181207	-6.529302196082868e-05	-8.725878385588548e-05	0.00010898290726891716
0.181267	0.00044522287189012634	-5.809250898998574e-05	0.0004489968209852308
0.181327	-0.00019652433225620156	-0.00020408452645728783	0.0002833236790457891
0.181387	-5.651360019836329e-05	0.00010532649977317331	0.00011953015754130304
0.181447	-0.0002548930384536531	4.131491892707066e-06	0.00025492651936861137
0.181507	-0.000315320920003339	0.00022631695674373977	0.00038813225516761665
0.181567	0.00010119333084912341	-0.00020687889211308633	0.00023030190231580408
0.181627	0.00034068354925048395	-0.00012444082599398688	0.0003626993243776071
0.181687	8.831874294065422e-05	-0.0003426801927534862	0.000353878389931038
0.181747	-0.0002634964359382656	-0.000111746384104094	0.0002862125540791462
0.181807	-5.152198231151415e-05	0.00025205595530237036	0.0002572677967890628
0.181867	4.296469779358576e-06	4.875450872428961e-06	6.498436256085755e-06
0.181927	0.00046864182010637517	0.00035438197803687726	0.0005875472252593368
0.181987	3.7135394565708606e-05	0.0001817885439031666	0.00018554275039457723
0.182047	-0.0003390632844969165	3.054725162090875e-05	0.0003404365513211354
0.182107	0.0005157597082021488	-0.0002215983230519138	0.0005613500631372425
0.182167	-0.0001586823843879715	7.1571683821956575e-06	0.00015884370989845034
0.182227	-5.0815845918805686e-05	-0.0001082940158283344	0.00011962376043525527
0.182287	-0.00027517364602493984	-2.517471452664636e-05	0.00027632282156593043
0.182347	-0.00014908956837481822	-5.194711909493347e-05	0.00015788034260303844
0.182407	5.9106814464988656e-05	-8.644806513731587e-05	0.00010472288900801104
0.182467	0.00031752897405951824	-5.914800485104754e-05	0.0003229909222333497
0.182527	-0.00010370753767139019	0.0003920525330276774	0.0004055372264333829
0.182587	-4.942628524684965e-05	-2.4571902013956833e-06	4.9487326225901336e-05
0.182647	-3.207959462666571e-05	-1.5497264528716712e-05	3.5626753981863415e-05
0.182707	-0.00015113672132798675	-5.131526559507338e-05	0.00015961066698960455
0.182767	0.00027381862546225355	0.0001468271997795254	0.00031070060547918883
0.182827	0.0006002993000829761	7.297277031850942e-05	0.0006047183434360735
0.182887	0.00016446461686961712	-0.00012235102608283967	0.00020498386225650464
0.182947	3.651445980791331e-05	5.8677028862527176e-05	6.911077695408701e-05
0.183007	0.00021687798512024545	-0.0001483728239690936	0.00026277472352260415
0.183067	6.014867438113255e-05	-0.0001419634996915783	0.00015418008390997932
0.183127	3.5079867222082104e-05	-0.00035759358043909134	0.0003593101248998806
0.183187	-0.00022510774947386806	6.19929415694189e-05	0.00023348795188964062
0.183247	-0.00025540872786853356	0.00023501826355919607	0.00034708385510968725
0.183307	0.0004639715090172411	-0.00031223608843850193	0.0005592503340214575
0.183367	0.00012976116902939936	0.00018573418388633932	0.00022657261099215162
0.183427	0.00016498797302924573	-4.518279675198156e-05	0.0001710629017836129
0.183487	4.5573420797732846e-05	-3.632852956490473e-05	5.828120403316481e-05
0.183547	-0.0001665920140667237	-0.0001449153984063152	0.00022080165725389954
0.183607	0.0004175195473158552	-0.0003487422888799153	0.0005440071290378822
0.183667	-0.0001616332114545759	0.00016813114514153604	0.00023322387744766594
0.183727	-7.538507246320018e-05	0.0002191826169551825	0.0002317842288112032
0.183787	-6.067459818400293e-05	-0.00028222961213611507	0.0002886779534902036
0.183847	0.0001755705071130253	-6.451252280072348e-05	0.0001870477708128026
0.183907	0.00027826195872476535	6.271779828147795e-05	0.0002852424230275349
0.183967	6.127388186288599e-05	-0.00014721367985622228	0.00015945643961708545
0.184027	0.00039887840826310515	0.0001425793704514814	0.0004235951622207803
0.184087	8.866972369750528e-05	9.251931408607602e-05	0.00012814891095733086
0.184147	0.00016099447974233556	-0.00031949285206697974	0.0003577637558912282
0.184207	-0.00017933213127433573	-0.0004733892423901126	0.0005062187156932074
0.184267	0.00022063277665467396	8.048719183381415e-06	0.0002207795371288838
0.184327	0.00015680030527233689	-0.0002533021878722809	0.00029790658622189326
0.184387	9.68355516019118e-05	-3.827782213083425e-07	9.683630813498226e-05
0.184447	0.00019066726551561367	0.00027877808780863594	0.0003377443239810864
0.184507	-8.409563517847399e-05	-0.0001954271388776761	0.00021275300812441053
0.184567	7.954483703327957e-05	8.102602627955443e-05	0.00011354557689890897
0.184627	0.00010711955569956758	-0.00026202615770198824	0.000283076502969321
0.184687	0.00016419806540026317	0.0003593136854045282	0.00039505357763241854
0.184747	-0.00044203321854110393	-0.00020631558850989077	0.00048781091455192956
0.184807	-1.306868711865187e-05	-0.00017420942830210313	0.0001746989281373839
0.184867	7.915305470773622e-05	0.0002666142617510644	0.000278115750432497
0.184927	0.0002776630191011876	-0.00011357675563889842	0.0002999940526041216
0.184987	-0.00013333352807365684	5.522932558636723e-06	0.00013344786432392198
0.185047	6.626684776704452e-05	-0.00010901495757047327	0.00012757568768018748
0.185107	-0.0001522988105758559	0.00013985475602782164	0.0002067710823263784
0.185167	0.00012884116489994088	0.00013368550757799646	0.0001856659923334381
0.185227	-0.0003756559524862787	-0.0004032269686830264	0.0005510983423234692
0.185287	0.0001698640002159337	2.277485425115016e-05	0.00017138399153806595
0.185347	-0.00023879446288837684	0.00022740904540340337	0.0003297539528761339
0.185407	0.00016612453620561146	-7.463663004843407e-05	0.00018212080626473276
0.185467	-0.00043363924475124736	-3.24322199459667e-05	0.00043485036906855184
0.185527	0.00023999154861956877	0.00015493886356755243	0.0002856606288105231
0.185587	0.0005495263857274527	0.00010314095151757492	0.0005591219048567387
0.185647	1.3005024063035894e-05	0.0005368613718385988	0.0005370188667293751
0.185707	5.384734303762211e-05	-2.795757172517117e-05	6.0672581690409725e-05
0.185767	0.0003592320404469989	-8.919536540699377e-05	0.00037013980074264023
0.185827	-0.000534196649879759	-8.654880324025907e-05	0.0005411624119292459
0.185887	0.00019407262591329257	0.00010138867648688002	0.00021896083633527255
0.185947	0.00020814842084997088	-6.646530865554698e-05	0.00021850263695665946
0.186007	0.0001977165690960472	6.797782321957805e-05	0.00020907612523859393
0.186067	0.00040085955647875814	-0.00013752861024216335	0.00042379535468842455
0.186127	0.0005708070973623866	-5.4540966109395585e-05	0.0005734068881548418
0.186187	6.011494037718875e-05	-0.00018243763490440255	0.00019208669054899413
0.186247	0.00017767731856589236	-0.00031015835148597427	0.00035744570570824143
0.186307	0.0001715426805463156	0.00014055055249616885	0.00022176868366835206
0.186367	-0.00032698464773500837	4.8923513767917545e-05	0.00033062436397486973
0.186427	0.00023358521268032812	0.0002470723795359681	0.00034001001795900014
0.186487	6.311931341181827e-05	-0.0003018763978313376	0.0003084046161995688
0.186547	0.00010818540520374185	-0.00024256442711777574	0.0002655966551033212
0.186607	-3.060881838820779e-05	-5.7908735974834755e-05	6.550054553456336e-05
0.186667	-0.00012087137554484209	3.386936550996975e-05	0.0001255269825422016
0.186727	9.914782338877347e-05	4.918058995933907e-05	0.00011067529675352156
0.186787	0.0005262890004566476	-9.421362488946491e-05	0.0005346553273993162
0.186847	-8.359876622030206e-05	7.744597123678636e-05	0.00011395890563868124
0.186907	-0.00013924863157112528	7.000932781227808e-05	0.00015585726603260433
0.186967	-4.968875821057445e-05	0.00012725089785354707	0.00013660806600286382
0.187027	-0.0001360223425382838	-0.00022992287835745955	0.0002671452931679339
0.187087	-0.00030997698335218305	-8.097710104894235e-05	0.00032037949544627567
0.187147	8.694990643546237e-05	-0.00013656799162009637	0.0001618984328654307
0.187207	-0.00016385065450680335	0.00020828887064891646	0.0002650118688257356
0.187267	-8.869856401075058e-05	-0.00014083494694075018	0.00016643893035396838
0.187327	0.00019850610499967103	5.8286231585329e-05	0.00020688634202034465
0.187387	5.142737102350983e-05	-1.82089291191539e-05	5.45558391930333e-05
0.187447	0.0005121311711681928	1.1508254547307046e-05	0.0005122604575846455
0.187507	9.57022431409091e-05	0.00010894090250496637	0.00014500703286667951
0.187567	5.977426484185086e-06	0.0001676020363423471	0.00016770859314142278
0.187627	-0.00012104754215645441	-0.0005055660076941873	0.0005198552640860316
0.187687	2.9275196753786745e-05	-6.315573564743689e-05	6.961094806236916e-05
0.187747	9.991737411657874e-05	3.3583277723208045e-05	0.00010541023760995173
0.187807	-7.353919862316182e-05	4.73458497848412e-05	8.746223885760982e-05
0.187867	0.0002542966133758812	0.0002408463017332164	0.00035024806727947826
0.187927	-0.00023881323749476793	-0.0001936099973217279	0.00030743551106801554
0.187987	3.078045688109124e-05	8.291876427759383e-05	8.844748721773778e-05
0.188047	-4.42189078617752e-05	0.0004196492574097847	0.0004219725240546734
0.188107	0.00011642860859747048	0.00011136261307234347	0.000161112546036128
0.188167	5.510091509789466e-05	-0.00012952363435561002	0.0001407568211537585
0.188227	8.689783531905262e-05	-8.034129156687261e-05	0.00011834676553996068
0.188287	-6.708001050273261e-05	0.000245327529710904	0.00025433309781289025
0.188347	1.6107115169423897e-05	-0.0001722186075855445	0.0001729701938421324
0.188407	0.00023345570980998133	2.425672467879273e-05	0.00023471249888965218
0.188467	0.00013097306678033386	0.00013012192856716817	0.0001846230227135419
0.188527	-0.00014055146851794334	0.00025648969364473366	0.00029247508996240986
0.188587	-5.523774401664975e-05	7.195362189270788e-05	9.071125656459454e-05
0.188647	-9.877929138157276e-05	-7.443965618214699e-05	0.000123687553207111
0.188707	0.00011038108532722594	-3.827933060833039e-05	0.00011683018081745056
0.188767	0.000209051204435017	-1.90575049052795e-05	0.00020991806632337777
0.188827	-7.495442682693807e-05	-7.495814130021663e-05	0.00010600419354034091
0.188887	-0.00029165458439828066	-2.6505853407943913e-05	0.00029285654656404254
0.188947	-1.5874924273407712e-05	0.00013206070487334148	0.00013301143932884204
0.189007	0.00017014848634864643	-0.00026080914726573073	0.0003114031449812496
0.189067	0.000491023011934993	-0.0003795132344276954	0.0006205915672610152
0.189127	4.1152911509201114e-05	-0.00018160609047552433	0.00018621045680489713
0.189187	7.011265402909119e-05	3.5165080802830172e-06	7.020078407027753e-05
0.189247	-0.00038917873705926514	1.954333732756135e-05	0.000389669130690312
0.189307	0.00014381230331122694	-0.00042157410223964847	0.0004454286724750057
0.189367	-0.0002501497413905886	-0.00046466022658117693	0.0005277158508934983
0.189427	0.0004321007892971149	4.806478537335407e-05	0.0004347658170833768
0.189487	-0.0003443090310928716	3.568594043103198e-05	0.0003461534273072552
0.189547	-2.3831012163393884e-05	1.0784245891893619e-05	2.615754384854686e-05
0.189607	0.0002489986380843051	-0.00043860625018772695	0.0005043567829142161
0.189667	-2.5296942049323694e-05	-2.8156556947307913e-05	3.785138010923558e-05
0.189727	0.0001323161392700793	-3.306524074780953e-06	0.00013235744713765117
0.189787	7.847371860317075e-05	-0.00011163465071184222	0.00013645665887366819
0.189847	-8.270518715428197e-05	0.00020729630969331585	0.0002231858149495436
0.189907	0.00022188941327727277	0.00028909893612061614	0.0003644353256623244
0.189967	0.00018500874743858218	-9.962292020372765e-05	0.00021012606420601747
0.190027	-0.00020822907122877688	1.2946227795100688e-05	0.00020863113602461565
0.190087	-7.956445712562572e-05	-0.00013514884780724924	0.00015683020723483902
0.190147	2.9869851278059107e-05	4.260151037873032e-05	5.202976745981512e-05
0.190207	1.2495868622344403e-05	0.0001043733708153881	0.00010511872938726667
0.190267	1.3889683378694103e-05	0.0002940715188916027	0.00029439935721324974
0.190327	0.00032609787691400736	-0.0005715312805291325	0.0006580181076164189
0.190387	0.00035375445034118564	-5.525053152143155e-05	0.00035804305937916895
0.190447	-0.00017771350017499717	-0.00014345002096757597	0.00022838563146583172
0.190507	0.00010966037279193011	-0.00014249311764619584	0.00017980457707577328
0.190567	-6.810503780406935e-05	-0.00014875985304874608	0.0001636086490787643
0.190627	-0.000208365969797331	0.0004676709999860199	0.0005119888100315338
0.190687	0.0003158408429305814	0.0003804784850378834	0.0004944889439004911
0.190747	5.705858487480267e-05	5.98242611139632e-05	8.267178675791826e-05
0.190807	1.946325455654321e-05	-1.6883311209873743e-05	2.5765567630895468e-05
0.190867	-0.00022112563486437846	-7.034214191842688e-05	0.00023204431327625017
0.190927	0.0001415244096385441	0.00015350360589450767	0.00020878820739245492
0.190987	8.28676941244004e-05	-0.00020804728968273068	0.0002239435854714871
0.191047	-0.00019664803377844738	0.0001330755939578573	0.0002374438099765203
0.191107	-3.5334719589542058e-06	-8.03872051997606e-06	8.781027939996538e-06
0.191167	-0.00013381739019885548	0.000686954832480081	0.0006998671558141366
0.191227	-2.541833384023951e-05	-0.00028393348303127914	0.0002850689644305173
0.191287	-0.0002452586243110217	-0.00044147017285160804	0.0005050224810011566
0.191347	-0.00011943852106488384	8.231207572677422e-05	0.00014505460394147066
0.191407	-8.639050471711317e-05	-0.0005487840399775227	0.0005555422952749221
0.191467	0.00017496280188663958	-1.0824793355215334e-05	0.00017529734223657416
0.191527	-0.00017551990919004214	-0.00021142617144195733	0.0002747876716533778
0.191587	-0.00012736210455647123	-3.443697940205977e-05	0.00013193563289495147
0.191647	-0.0002491692567091038	-4.06708842487424e-05	0.0002524667093193514
0.191707	0.0003518584395025284	7.407840402689239e-05	0.0003595719279814902
0.191767	-0.0004624352587505769	8.717315324351983e-05	0.00047057999020584293
0.191827	5.735669876065484e-05	4.520601555838317e-05	7.30299577939443e-05
0.191887	0.0002629522167561183	3.606468717589837e-05	0.00026541388426013445
0.191947	4.0798497754514226e-05	4.887476046018234e-05	6.366521522044283e-05
0.192007	0.00022351744306121077	6.931149446645463e-05	0.0002340173724700689
0.192067	9.583028033689849e-05	0.0001187268910274114	0.00015257626710102516
0.192127	-0.00024025728034122282	-1.0609880051836004e-07	0.0002402573037680986
0.192187	1.7072579211862312e-05	-0.00023111528409302327	0.00023174500534497864
0.192247	-0.00026701728660039775	-5.000392685174336e-05	0.00027165902165036493
0.192307	0.00021401944619704613	0.00036065618469058097	0.00041937716545617596
0.192367	-6.841651542545308e-05	-8.582844486076341e-05	0.00010976038233433029
0.192427	-9.539600686799206e-05	-0.00023317795880496025	0.000251937211619891
0.192487	0.00012968748968568124	2.6755618801596332e-05	0.00013241868492939362
0.192547	-0.00025434446710930023	-0.000162961410553698	0.0003020720597452946
0.192607	-0.0002602748170188996	-0.00019972452912966123	0.00032807448530827043
0.192667	-3.957291363666494e-05	-0.0001906596015636306	0.0001947231346350436
0.192727	-0.0001674963970457427	-2.6152095069629703e-05	0.00016952573580384788
0.192787	0.00016901126748245507	5.4329808477531885e-05	0.00017752897404432684
0.192847	0.00014868845405310665	-3.125480770835243e-05	0.00015193787998254055
0.192907	9.68995925950444e-05	-3.5019989608590364e-05	0.00010303363876555735
0.192967	0.0002591228385274512	2.6101559907893093e-05	0.00026043413154989666
0.193027	0.000190471495022877	-0.00016927717072588705	0.00025482180233490806
0.193087	-0.00012156922248490389	-2.5391120441665472e-05	0.00012419253138923943
0.193147	-0.0002093251189330809	0.000122191930200184	0.00024237960562389547
0.193207	7.84200908894653e-05	-0.00011465792780065096	0.00013891058657514657
0.193267	-9.67844733560115e-06	-0.0001144061808552636	0.00011481483597826237
0.193327	0.0003096885578304709	-0.00028597967299388605	0.0004215345492564126
0.193387	-8.683556649331475e-05	0.00027546062190239075	0.00028882342326595805
0.193447	-2.880942116340046e-05	0.0001297507395634909	0.00013291063601173167
0.193507	0.0003889075505623396	-1.3048142903237259e-05	0.00038912637653803686
0.193567	0.0003672712688192793	-5.055166772304191e-05	0.0003707339423490978
0.193627	0.00013367587710144305	-0.00024131012351285265	0.00027586195067212205
0.193687	0.00015962410021279238	-5.856705240798412e-05	0.00017002927099915222
0.193747	9.228930520625112e-06	-0.0006143604935434123	0.0006144298081843521
0.193807	-0.00014024566675977158	-4.936856206326302e-05	0.00014868120918625578
0.193867	0.00016856889435697657	-8.126799558557563e-05	0.00018713620507862896
0.193927	0.00021108969328965938	-0.00012291147907796828	0.0002442664330239755
0.193987	0.00020188167817177465	-0.00013428785686858674	0.00024246533872661065
0.194047	2.9724532127772285e-05	-1.1016318992241793e-05	3.1700269625884795e-05
0.194107	0.0001644026918169136	0.00021956126298375614	0.000274290709430103
0.194167	-0.00013422638055722634	-0.00031346019249556435	0.0003409897557359306
0.194227	-6.444978343489133e-05	0.00020657439056186652	0.00021639490155918867
0.194287	-0.00026937772800731655	9.429524439461309e-05	0.0002854048938995679
0.194347	0.00010718273063136866	0.00041942843262301896	0.00043290685815565325
0.194407	-9.363208709869195e-05	-0.00018854988425148983	0.00021051847088962824
0.194467	0.0002957560799474949	4.606118465507811e-05	0.0002993213850658489
0.194527	2.6920423144343776e-05	-0.00021209670086368195	0.0002137983154740203
0.194587	0.0003369557359334219	-3.42312760039057e-05	0.0003386900474405611
0.194647	-5.1326385414318356e-05	0.00012112604442773484	0.00013155195353322863
0.194707	7.01842359641799e-05	-0.00017013336200022376	0.00018404126668596603
0.194767	-9.111700216005939e-05	-4.617051388388506e-06	9.12339040387908e-05
0.194827	2.916457118016929e-05	0.00010778110481503675	0.00011165723786335169
0.194887	-9.215924534709099e-05	-1.8317642602734433e-05	9.396202708257641e-05
0.194947	-0.00041630154154810253	-1.2846463413104323e-05	0.00041649970602336653
0.195007	0.0002015475052075256	-0.00012523874170144766	0.00023728914698809865
0.195067	-0.00018774484842675121	-0.000129839975009586	0.00022826858570831359
0.195127	0.00020122736749302037	-0.00017883127525698372	0.0002692082436297413
0.195187	0.00044994764470258236	4.093057288610249e-05	0.0004518054833334649
0.195247	0.0003492580869756052	-0.00025696417860853	0.00043360327536333935
0.195307	0.0001966493433028342	0.000294377931126673	0.00035401882796802796
0.195367	0.00011852948385338881	0.00027036141994532325	0.00029520253375843876
0.195427	-7.559663551790519e-05	9.898237489109618e-05	0.00012454863243210865
0.195487	5.724520944981266e-05	-0.000310654129493677	0.0003158844759978356
0.195547	0.00023204627285212514	9.836787275046213e-05	0.0002520351386890606
0.195607	0.000311920753154246	3.169646813333549e-05	0.00031352706795496877
0.195667	-0.0002876332355640428	5.32400191451933e-05	0.00029251902132958923
0.195727	0.0003621933024692681	-6.519177888354145e-05	0.0003680135274519067
0.195787	-0.00014902694737990341	-0.00013674018439614014	0.00020225456502651038
0.195847	0.00018505506610184643	0.00010010265016627604	0.00021039467212900282
0.195907	0.000526236501414009	0.00012396836294593298	0.0005406412955296246
0.195967	-0.0003550977552603772	7.861702988653195e-05	0.0003636963749876242
0.196027	5.612581106778053e-05	0.00010485889234175948	0.00011893483077365058
0.196087	-0.00016414739952835952	-0.00015432029416317906	0.00022529785165982608
0.196147	0.00024410062740988977	0.000106759200753703	0.0002664256805329983
0.196207	-0.00023400255509989246	0.00034626241974410835	0.00041791728741501384
0.196267	0.00022149747509460824	-0.00023640746078815812	0.00032395928600611394
0.196327	3.731508685589959e-05	-0.00023624396709374056	0.0002391727988197063
0.196387	0.0003279925153162484	0.00016564491278436527	0.0003674470400409009
0.196447	-0.00023166871953166865	-4.114324999299551e-05	0.0002352937794108231
0.196507	7.117010576097398e-06	-0.00028806649382208003	0.00028815439733324697
0.196567	-0.0001070104964332476	0.00023949872108742175	0.00026231828710442725
0.196627	-2.0727232703949487e-05	0.0004077322345116811	0.00040825873320169423
0.196687	-0.0005173087591490239	-3.785157676644602e-05	0.0005186917139843367
0.196747	-0.0002511991399476638	-0.0002471421637855369	0.0003523921920687845
0.196807	0.0002383779746756043	8.521640940928496e-05	0.00025315192127071425
0.196867	-2.344034533522921e-05	-0.00011348159060745283	0.00011587718151660546
0.196927	-8.79896121881239e-05	-0.00034084755898185237	0.0003520216333081019
0.196987	0.00019779237810592086	1.434993021006896e-05	0.000198312242017051
0.197047	-0.00043618256658542833	1.8767802432876634e-05	0.0004365861447655103
0.197107	-0.00017659119593553402	6.033215985319515e-07	0.0001765922265528509
0.197167	-1.572890025396779e-05	-0.0001705380621783629	0.00017126187244903766
0.197227	-0.0005799173650749266	0.00023957996417293593	0.0006274573368353827
0.197287	0.00010494943800650299	-9.445095911643427e-05	0.00014119266346342203
0.197347	9.290121329618007e-05	-0.00019177763217493934	0.0002130945696974202
0.197407	-3.96595119140755e-05	-7.423516219949466e-05	8.416493445638734e-05
0.197467	9.080580653244171e-05	0.00024108660197241132	0.00025762073703529983
0.197527	-3.314470986435586e-05	-5.755379511429608e-06	3.364069240240029e-05
0.197587	6.06958622547316e-05	-9.756596165720992e-05	0.00011490476303853338
0.197647	-0.0002672329920937711	-5.909201671603568e-05	0.0002736883967269306
0.197707	0.0002724485997938461	0.00013415920125247618	0.00030368887172619566
0.197767	6.639977239878306e-05	7.752516161001591e-05	0.00010207389704164958
0.197827	0.00021143919536517023	-0.00019533812924198374	0.000287860240520341
0.197887	0.0002779336329004792	0.00021622563163441758	0.0003521372290357286
0.197947	2.04074148243769e-05	3.083453373739545e-05	3.6976087551507886e-05
0.198007	-4.394670200476819e-05	2.196270390888069e-06	4.4001547935564584e-05
0.198067	0.00011352226603431283	-0.0002514355458917741	0.0002758752229241686
0.198127	0.0004015543715330954	0.00036077658080191225	0.0005398200205183742
0.198187	-2.937632924720541e-05	-0.0003903239686893371	0.00039142785957751503
0.198247	3.173398596566482e-05	0.00025172588266195287	0.0002537182805144483
0.198307	0.00011337306699103505	3.9372685830684536e-05	0.00012001525198271888
0.198367	-3.1805933767129324e-05	0.00011677441818126573	0.00012102843535455683
0.198427	-0.00021806545757342807	-0.00023302416712055787	0.0003191438645014788
0.198487	0.00018002782214419807	-0.00015884686636381408	0.000240088199834116
0.198547	0.00019921025936851233	0.00019969275387921617	0.0002820672320379224
0.198607	-1.7017182597557046e-05	0.0001139790889259411	0.00011524242802000566
0.198667	3.9994130827004405e-05	-0.00019099018839984183	0.00019513273063639176
0.198727	-0.0002071268272796065	-0.0003380945161409234	0.00039649643683579435
0.198787	-0.0002086847230381509	-2.1691716136575353e-05	0.00020980906600635615
0.198847	9.676058976292176e-05	-0.000192235094934006	0.00021521371577005666
0.198907	6.775345912077958e-05	0.0001226513314106692	0.00014012094889644786
0.198967	-0.00017764984769024793	-7.328781433596753e-05	0.000192173286682909
0.199027	-0.000165680996065342	4.581628877778599e-05	0.00017189917037197517
0.199087	0.0001854513570946852	8.40902156097772e-05	0.000203625563742766
0.199147	0.00013755311642452703	0.00022277006477919325	0.0002618155106173533
0.199207	-0.0001812337822210659	3.854344405453831e-05	0.00018528702301493774
0.199267	-0.00013419152052404133	-0.00041556854109751744	0.0004366973511832574
0.199327	0.00014867735489459011	-0.00012404707172893728	0.00019363014192778975
0.199387	0.0002133977249877779	0.0002155790655597541	0.0003033363191864371
0.199447	2.6688579353900858e-05	0.00014730777823729322	0.0001497059177091441
0.199507	0.00018515363301331046	-5.126965199985303e-05	0.00019212091253742702
0.199567	-1.2275242352544852e-05	4.2052489698333793e-05	4.380745900691092e-05
0.199627	0.000524793651601185	-0.00021760849236925192	0.0005681213186566093
0.199687	7.325529496188443e-05	-0.00011990696111036104	0.00014051340705667316
0.199747	6.93048196603646e-05	0.00015677600698467262	0.0001714114185059262
0.199807	-0.00019679794511896564	0.00024410953974264086	0.000313558445264055
0.199867	-4.822030721337663e-05	0.00016795171914163432	0.00017473688216968633
0.199927	0.00012265180705503003	0.0003853555126408819	0.00040440368061700575
0.199987	-8.375087992704291e-05	-1.160326253184261e-05	8.455084618108101e-05
0.200047	0.00020300981208633555	7.0832746853461e-05	0.00021501223646605734
0.200107	0.0002699747044441522	0.00017872179643718244	0.0003237712488184227
0.200167	0.0003524180174685641	3.2578956864479645e-05	0.00035392067962588847
0.200227	0.0001561888810097837	0.000105073874313611	0.00018824315555780746
0.200287	-0.0003482792742815691	-0.0002851684107459364	0.0004501327308488681
0.200347	-9.97180184668634e-05	0.0003498173731031968	0.0003637524951553995
0.200407	0.00016359536626097215	0.00017378540542361783	0.00023867302109855827
0.200467	-0.0002802721104968639	-0.00010059168503213301	0.00029777700216767944
0.200527	-0.00014218814776013292	4.247397095776135e-05	0.00014839645404246744
0.200587	0.00023200170673961888	5.917161819984798e-07	0.00023200246131913378
0.200647	-0.000283286394407369	1.1526276909213114e-05	0.00028352078639090167
0.200707	0.00027984937828597783	-0.0002004976596258065	0.0003442600558334848
0.200767	4.066457642415308e-05	0.00020563564452401442	0.00020961780953574199
0.200827	-3.860594448760324e-05	0.00015615553721157294	0.00016085698850722914
0.200887	0.00012531254222295537	-3.7613486538401135e-05	0.00013083580399857853
0.200947	0.00014255858102905564	-9.101303681407705e-06	0.00014284881082360829
0.201007	4.6388017806031386e-05	0.00017956627934367046	0.0001854613082917884
0.201067	0.0001602560310784123	3.765175809930877e-05	0.0001646197144480998
0.201127	-0.0004096255352154224	-0.00015927484247074838	0.00043950148412104704
0.201187	-5.7049624183341205e-05	-1.8400922031322508e-05	5.994375322803269e-05
0.201247	0.0004906367318382181	-0.0002145677166571849	0.0005355032284313191
0.201307	-0.00031960525464064824	5.411440141127564e-05	0.0003241541103148536
0.201367	-0.00028369525422616707	-0.0002714533247510912	0.00039264475647698516
0.201427	-6.663970870324389e-05	-0.000134553860048698	0.00015015189652501165
0.201487	0.000465479939669396	0.0001520781001368377	0.0004896930903901488
0.201547	0.00012014197527655758	0.00014631289144388928	0.00018931866370229932
0.201607	0.00010545303068182703	5.1723634069636835e-05	0.00011745499564238232
0.201667	0.00016420757693599391	0.00018892901265340348	0.0002503164000727484
0.201727	9.580772620219105e-05	4.821246306431597e-06	9.592895712964509e-05
0.201787	5.271117394988067e-05	-0.00023252064443588844	0.00023842046461672588
0.201847	0.00028689510905402645	-3.1406124584622286e-06	0.0002869122985264591
0.201907	0.00016734314541790274	5.4450736396877744e-05	0.00017597900730632505
0.201967	4.388969892865457e-05	-7.178987340044604e-05	8.414328015296297e-05
0.202027	-0.00021151211105909808	-0.00013475443174846587	0.00025079100861180847
0.202087	0.00016650989483725005	-0.00016930656787008552	0.00023746633235610464
0.202147	4.140406244023844e-05	0.0002081171570149757	0.00021219577618452072
0.202207	-0.0002204669858983985	-0.00018677916923341857	0.00028895008207413726
0.202267	-0.00021228993775330293	1.592601613989855e-05	0.00021288648538925515
0.202327	0.0005745282738994381	0.00023607209964785912	0.0006211382887425444
0.202387	0.00013519380356800432	0.00013369184837219345	0.00019013383403370822
0.202447	-8.835095138511176e-05	0.0001640010019851952	0.00018628531682020027
0.202507	8.531812543594107e-05	0.00019389608424562533	0.00021183690427706314
0.202567	0.00025450802059107363	-0.00024789452842278743	0.00035528302769361576
0.202627	1.804580370751858e-05	4.134168705543321e-05	4.510860361438454e-05
0.202687	3.413066165307329e-05	-0.00017656261490301393	0.0001798311959763004
0.202747	-0.0002823996313147498	-2.9722010467994687e-05	0.00028395941553849947
0.202807	-0.000142263703903804	0.0002245800599840263	0.00026584801069569445
0.202867	0.0004215086840430308	0.00019887239994721047	0.00046606845225186696
0.202927	0.0003201115544505161	-0.00013048432891250985	0.00034568420181500017
0.202987	-0.00015897822211756457	-0.0001154886488422048	0.00019649860844051743
0.203047	-0.00013890401436401762	-0.00018430806716337542	0.00023078949028917784
0.203107	0.00019726080976173406	0.00017102174905333318	0.0002610752108437649
0.203167	5.809690779075605e-05	-0.00017189026456271425	0.00018144286634168757
0.203227	-3.7822114918882696e-05	7.785891939362708e-05	8.655936521301717e-05
0.203287	-5.852058342504804e-05	-2.700166044559369e-05	6.444957991505567e-05
0.203347	-0.00037970302531628494	-0.00026339925411129395	0.00046211855026683933
0.203407	0.00022614637044042344	3.093051118757193e-05	0.00022825178506575089
0.203467	-0.0003295277055444495	0.0002661665795785697	0.00042359551084253063
0.203527	-2.0099671601836764e-05	-0.0001532633876283097	0.00015457575096310288
0.203587	6.237442739385121e-05	5.570303176917737e-06	6.262265939892362e-05
0.203647	0.00013574786452313388	0.00037026421321251647	0.0003943641341558268
0.203707	0.00010162102959971508	-0.00016747356341702824	0.00019589341004868833
0.203767	8.210601455819431e-05	-0.00010234085563676638	0.00013120612927411537
0.203827	-0.0001575075825386394	4.9819217122373735e-05	0.00016519864694316514
0.203887	-0.00011755037394681985	-1.5783753298046087e-05	0.00011860530040099711
0.203947	-2.4071063960655112e-05	-0.00023706442257632082	0.0002382833535344892
0.204007	-1.335079697730054e-05	-0.00019478337104680786	0.0001952403785498469
0.204067	-2.3966813431014034e-05	0.00010940249966001956	0.00011199694227030314
0.204127	-0.00010264785656256173	-0.00011478498930123306	0.00015398758464815415
0.204187	-0.0003216592394429279	-2.9683015021471182e-05	0.0003230259241914923
0.204247	9.565023415227989e-06	-0.0001094334625254488	0.00010985068226116152
0.204307	-6.784893281999499e-06	0.00030682501021551283	0.00030690001901368085
0.204367	-0.00023329353598694719	0.0001202269209205947	0.0002624507314665744
0.204427	0.00017527513909972134	0.00016946775455853547	0.0002438046230520223
0.204487	-1.4494799667610437e-07	-4.477026026904252e-06	4.4793718273122284e-06
0.204547	-1.6633326947455032e-05	-0.00045641793833928136	0.00045672092354436856
0.204607	0.00024899444372696895	-0.0003483826701783675	0.0004282157375523603
0.204667	-9.557377694985862e-05	-4.126814836238874e-05	0.00010410286696206525
0.204727	0.0004069991310210842	-6.488320673972882e-05	0.00041213847571993083
0.204787	0.0002462679062305166	-0.00026672459998856987	0.00036302877830583227
0.204847	0.0003283556744376655	-0.00026931153454979223	0.00042467181632053016
0.204907	-0.000260508402011463	-7.803266189257608e-05	0.0002719443396002335
0.204967	-3.190867540687169e-05	-1.594604323710896e-05	3.5671275014230245e-05
0.205027	0.00030398054488059396	-7.721510526868016e-05	0.0003136340927698329
0.205087	0.00016361064304896587	-0.00043909033079970333	0.00046858164829695267
0.205147	3.3805601289112406e-05	-2.3132478325047988e-05	4.09625466978953e-05
0.205207	0.00025410378196587106	-3.301611789356776e-05	0.0002562397237941863
0.205267	2.2553133119462514e-05	0.00010337153208136749	0.00010580320155058345
0.205327	0.00023660369490209376	-0.00016285476026278435	0.0002872333221991697
0.205387	0.0001304275100718378	0.00010467807744719349	0.0001672388569728339
0.205447	0.0003511194898944063	5.04699323894252e-05	0.0003547282202744817
0.205507	5.9804956776767025e-05	-1.078310755711783e-05	6.07693036298701e-05
0.205567	-0.00016312365163133634	-3.1847437344779514e-05	0.00016620344457011482
0.205627	-0.00023815850183154475	-0.00022264194047222526	0.00032601979334372295
0.205687	-4.157795897368052e-06	0.00018698285605957612	0.0001870290772230894
0.205747	-0.0001722365059024631	-0.00022644918382131623	0.0002845077271689285
0.205807	-0.0001614913861991324	-0.00015492653938214558	0.00022378941087872062
0.205867	5.068811126537562e-05	0.00023179426644304418	0.00023727171466384283
0.205927	-0.0003531882954658478	0.0002340012092131155	0.0004236726778626057
0.205987	-0.00015932829022418434	-6.62960604413528e-05	0.00017257077300575965
0.206047	0.0002465783605644777	-2.0056294989900473e-05	0.0002473926895997282
0.206107	0.00034417260756474473	0.0004117921494814228	0.0005366819897969805
0.206167	-0.0006029730644417962	-6.802304842548214e-05	0.0006067978671348689
0.206227	-4.8924182464569436e-05	0.00021641375307797958	0.00022187493808702955
0.206287	0.0003545675662518941	-0.00016361924561475276	0.00039049893287092615
0.206347	0.000507599569963058	0.00029186031181259973	0.0005855252044430106
0.206407	0.00022848843036725182	-0.0002673307204293849	0.00035167126254072057
0.206467	0.00019359954218146563	-0.00020400033703277004	0.0002812417469764346
0.206527	0.00022715149375782307	2.3514556357492823e-06	0.00022716366448007752
0.206587	9.984555962882917e-06	0.0004993148467733256	0.0004994146649489235
0.206647	-0.00014317178377406704	7.429496153628166e-05	0.0001613006539934844
0.206707	0.0001545638036084044	-0.00013186784558572563	0.00020317258202158623
0.206767	-0.0003221202633479955	-0.00018343931489092053	0.0003706904993482194
0.206827	4.2357406046544466e-05	-8.608297110986057e-05	9.593970899524833e-05
0.206887	-7.914864416270267e-05	-7.97837298140833e-05	0.00011238305662261003
0.206947	0.0002178639794178216	-3.813923228774665e-05	0.00022117711130961924
0.207007	0.0002980549492075526	0.0003560569786264236	0.00046434181889605226
0.207067	0.0003110480143143512	-0.00018409451562937865	0.000361443851647412
0.207127	-0.0002037758880919888	-9.414643648033267e-05	0.00022447308094652253
0.207187	-4.099823815392133e-05	8.195073630431237e-05	9.163393865017803e-05
0.207247	-7.038405315770053e-05	-0.00020102003151838948	0.00021298583992970124
0.207307	-8.166855934544545e-05	0.00012688086328577493	0.00015089236910362317
0.207367	9.665335196718295e-05	-0.00016309747999158471	0.00018958549107486448
0.207427	0.00014297774440103438	0.0002987134916534695	0.00033116821328414795
0.207487	7.222672808938069e-05	0.00042311413384207115	0.0004292345169105386
0.207547	0.0004002530573815262	-0.00018559560912072417	0.0004411895738434352
0.207607	0.00010881590292235285	2.419831961254673e-05	0.00011147403016343261
0.207667	-2.1181632271060092e-05	0.00039046654759166484	0.0003910406453731124
0.207727	-9.412866735022517e-05	-9.448436710705747e-06	9.46016858909267e-05
0.207787	0.00017204996063393098	-5.7449005737894994e-05	0.00018138791915232362
0.207847	-0.00034012243349574987	-5.771813816079959e-05	0.0003449850043694942
0.207907	3.10853834930007e-05	0.00019128841192858783	0.00019379772342591648
0.207967	0.0004397216316888557	2.2228474926419214e-06	0.0004397272500381176
0.208027	3.2712842002943126e-05	4.979532634373487e-05	5.9579397089837825e-05
0.208087	0.0002670624425772096	0.0001233187326177698	0.0002941595792248799
0.208147	0.0001316987608114666	0.00010422767244206904	0.00016795228876668257
0.208207	0.00014477649880590844	6.978550223789561e-05	0.00016071792348426028
0.208267	0.00011560652397207004	0.0002475220182939269	0.0002731886123636999
0.208327	5.617276578452411e-05	-7.85821001431401e-06	5.671975917184476e-05
0.208387	-0.0002510587514752506	-6.20515822998769e-05	0.00025861340947102885
0.208447	0.000308911422245821	-6.376450237179516e-05	0.0003154238078469325
0.208507	6.731368090205148e-05	0.00031240155959045136	0.00031957137867952057
0.208567	0.00016193549053648555	0.0001421466353321023	0.0002154733603755459
0.208627	0.00033422199838129685	-6.589771824169085e-05	0.00034065650363885447
0.208687	4.589852082111978e-05	-0.0002259588046062003	0.0002305733193425245
0.208747	-0.00014998989471060224	-0.0003380018620830071	0.0003697867321671746
0.208807	0.00019136952226588634	-0.00012728732834484544	0.00022983550206493787
0.208867	0.00013455360796000776	-0.0004142382605119256	0.0004355433501811288
0.208927	-0.0003338952369306672	5.193515634994743e-05	0.00033791017994443416
0.208987	0.00023674683273916736	0.0001629798584026305	0.0002874221582567509
0.209047	-3.7321447595112874e-05	0.00019089439402579023	0.00019450850912252764
0.209107	0.000158511573302081	-9.158042620441672e-05	0.00018306527069459027
0.209167	0.0004913466643541666	-0.00012624916103050958	0.0005073070029408953
0.209227	-0.00010086852629841419	-9.527500133072755e-05	0.0001387508035154536
0.209287	0.00014645756630246888	-1.476685152452674e-05	0.00014720013122001448
0.209347	2.6093306414694788e-05	-0.0002782298090023328	0.00027945068841769876
0.209407	-6.333602705356953e-05	0.0001234235934647361	0.00013872575732962837
0.209467	-0.00014188835833247693	-0.00014976339060028288	0.00020630409446828309
0.209527	3.2302370729766374e-05	0.0001796824120782268	0.00018256289974968347
0.209587	-0.00023964465459760004	-3.9565349056745e-05	0.00024288881679316793
0.209647	-0.00022880833866710347	0.00011929414706727977	0.0002580394337462972
0.209707	0.00017354819119751283	-0.00030512068565586475	0.00035102365658603907
0.209767	-1.4734713265956648e-05	0.00023228272717649827	0.00023274960176030695
0.209827	-0.00017234936192946033	0.0004879916236210013	0.0005175327306381241
0.209887	-0.00022480705541936798	-0.00012894806357233336	0.0002591636843104784
0.209947	-4.609362154302837e-05	0.00015142091592573793	0.0001582811287764316
0.210007	-0.00028167894027456594	8.96229167497457e-05	0.0002955931200162384
0.210067	0.00034015974375999904	-0.00018179291591092925	0.00038569069933078035
0.210127	-0.00014015371878180527	-7.14443984112111e-06	0.00014033569720143466
0.210187	-0.0001343963176936735	0.0001413576195327909	0.0001950496008957621
0.210247	7.039550569541575e-06	0.00033686248941382436	0.00033693603554131764
0.210307	6.713573878705908e-05	-0.00014797907822420214	0.0001624962000003962
0.210367	-0.00015062751380526696	-1.4632829637888694e-05	0.00015133660369642026
0.210427	-0.00037236726734929144	-0.0004967298996351405	0.0006208042968478193
0.210487	-0.0002161464394981961	0.00013469120527801346	0.0002546782363826782
0.210547	-2.126928101041948e-05	1.641058911001507e-05	2.686428390331549e-05
0.210607	0.00016967568608067338	-4.883364643500725e-05	0.00017656319965124814
0.210667	6.566946495391703e-05	0.0003637012364613709	0.0003695822885784217
0.210727	0.00019394248383779487	0.00013039862141020212	0.00023370384571686994
0.210787	-3.23683080418722e-05	0.00021923924523437548	0.00022161578016114322
0.210847	0.00026022896734757844	-4.214194537669188e-05	0.00026361915523519746
0.210907	-0.0005175975707042026	0.00014812456499576702	0.0005383754563072849
0.210967	-0.00016536221619503156	-0.0005948449016567313	0.0006174019108910651
0.211027	0.0001210807554079604	5.834389366748925e-06	0.00012122124165939385
0.211087	-0.00023234652005976218	7.185919374472972e-05	0.0002432049528885546
0.211147	-0.00031110047194175854	-6.437987901240896e-05	0.000317692103244694
0.211207	-0.00022267773118143724	-0.0004545296076408764	0.0005061447778909523
0.211267	4.530616910915273e-05	0.00012101987583713879	0.00012922251857545432
0.211327	0.00037815274014420654	-0.00018013087632377583	0.0004188634950479013
0.211387	0.00013636485377560044	-0.0003401812412614193	0.00036649508898674326
0.211447	-0.00016036577321287119	2.6341875575508226e-05	0.00016251484740477588
0.211507	0.000250007188608062	0.00013955880333422815	0.0002863219410799474
0.211567	-0.0001027039021910364	6.971721647071926e-05	0.0001241313086924129
0.211627	0.000165702648099391	-0.0004315477251169851	0.0004622670295844119
0.211687	7.334681041157204e-05	3.829250979764928e-05	8.274098684542116e-05
0.211747	-0.00028505550922376866	0.00011125285635632393	0.00030599647283304247
0.211807	-0.0002133579714025145	4.208291045120271e-05	0.00021746860764956433
0.211867	0.0001507572387241368	5.468677442758907e-05	0.00016036953677372887
0.211927	-0.00010439149671293509	-9.62085356804201e-05	0.00014196361126618822
0.211987	-4.356776849277389e-05	1.3791020401338581e-07	4.356798676395677e-05
0.212047	-0.0003240718125275958	-8.703095425832927e-05	0.00033555465527099546
0.212107	4.0004475427137605e-06	-5.242939574883203e-05	5.258179455980606e-05
0.212167	8.857330666882328e-05	0.0001634862732845919	0.00018593814080691912
0.212227	0.0001635722039555785	0.00010453508269665123	0.00019412225380229103
0.212287	3.795158284363176e-05	-0.00034770263987328877	0.0003497677063640824
0.212347	5.580395326077699e-05	3.6453210604892424e-05	6.665521557189373e-05
0.212407	-0.00015820421613067074	-0.00016851730221402006	0.000231142067021586
0.212467	-0.00011801083149055617	-2.275918639824454e-05	0.00012018542721396168
0.212527	-1.758421893606341e-05	8.637873079369614e-05	8.81503822403581e-05
0.212587	0.0002213925940220408	-0.00028790980812941477	0.000363189672629777
0.212647	-0.0002043650068515279	-0.00028852685746379994	0.00035357149701773324
0.212707	5.900861712817104e-06	0.00017101899279288652	0.00017112076456364718
0.212767	0.0001496673770167661	7.742449660279289e-05	0.00016850779334284422
0.212827	-0.00035592327960722107	-0.00016754036559559106	0.00039338423337783175
0.212887	-0.0002615543101074533	0.0001216555031394241	0.0002884626814336514
0.212947	7.850842029539792e-05	-0.00037342566189169915	0.0003815891730860985
0.213007	0.00011452276621934348	-0.00032532419930375665	0.0003448931698876636
0.213067	0.0005688694912846326	0.00014248318254813253	0.0005864417749644726
0.213127	-0.00011301441847568691	-0.00019135651975048901	0.0002222376575524881
0.213187	-8.320642332137709e-05	0.00023903057584001553	0.0002530986469113291
0.213247	-4.391047912239693e-05	-4.786522786197085e-05	6.495544792422609e-05
0.213307	0.0001598271431503411	8.193798006660121e-05	0.00017960664872157257
0.213367	-0.00016124378651978055	-3.267486289657595e-05	0.00016452113954305871
0.213427	-0.000230701308224491	-0.00015961288605840306	0.0002805340746012583
0.213487	0.00017051455762679215	2.4724793441013754e-05	0.00017229779387258973
0.213547	-0.00030038230583963945	0.00015463116005407583	0.0003378466002806716
0.213607	5.6978808268101546e-05	-0.00024808412748054357	0.00025454335367366336
0.213667	3.3216012229216936e-05	-0.0001237213730936682	0.00012810262147432475
0.213727	0.0004228619849873504	-7.303276364330025e-05	0.0004291224101731583
0.213787	1.2293232078852757e-05	-0.0001274015673276178	0.00012799329245112052
0.213847	-4.033007445300254e-05	5.3581302571985805e-05	6.706318580782918e-05
0.213907	0.00015868715336047603	0.00011979065010214993	0.00019882508014218666
0.213967	-0.00012015417182330451	0.000126587192955411	0.00017453178056409853
0.214027	-0.0002497451282932418	-2.9539818558201204e-05	0.0002514860433237981
0.214087	0.0003042920940940517	-0.00014805463292083976	0.0003383989551660404
0.214147	0.00011589338852169863	0.0002442281275497906	0.0002703306416030528
0.214207	-0.0003491306849650981	0.00020280219551699309	0.00040375854875248306
0.214267	-0.00015991854142229984	7.209853053015061e-05	0.00017541989053480476
0.214327	0.00016093733488447328	0.00037474395274419373	0.00040784047846929026
0.214387	-3.360248660844863e-05	-0.00025449281898882634	0.0002567016206087342
0.214447	0.0005277236231624972	-0.00011055224661693661	0.0005391790256267442
0.214507	1.0304296824526582e-05	0.00019227678613640612	0.0001925526967351878
0.214567	0.0001339961110137004	-5.489565697371196e-05	0.00014480501000093668
0.214627	-0.00046040531504476517	-0.00021200808651677754	0.0005068732414223253
0.214687	-3.605374563215093e-05	0.0003349674546645415	0.0003369021642236059
0.214747	0.00013607535736397347	-0.00015047408827856013	0.00020287669685056735
0.214807	6.703828544619842e-06	-0.00019295071471851847	0.00019306713761679578
0.214867	0.00010676172403979698	0.00010565079477238581	0.0001502003866705627
0.214927	0.00015481827942124093	0.00029537194871799295	0.0003334865630462764
0.214987	2.141637321569778e-06	-0.00013873729003430348	0.0001387538188897141
0.215047	-8.123093439880774e-05	-6.758824278278097e-05	0.00010567230131764686
0.215107	-0.00030955123782827403	-0.00017061190659012042	0.00035345493561603106
0.215167	-0.0001749400871099494	0.0003074030702022518	0.00035369574728544203
0.215227	-5.666196129052112e-05	-0.00033945873997099176	0.00034415521788864676
0.215287	-2.514366652438572e-05	4.7522777867677473e-05	5.3764471377947454e-05
0.215347	6.760347987568908e-05	9.827284365067441e-05	0.00011928026781698889
0.215407	-0.00016378419184036655	-0.0001567568630621425	0.00022671121633894802
0.215467	-3.53254018286057e-05	8.710713364948864e-05	9.399753585590601e-05
0.215527	-0.0001506995290248527	7.654358057207311e-05	0.0001690244591031306
0.215587	-0.00013601152160436515	0.00035214740816118305	0.0003775009020966354
0.215647	-0.00012812290991041437	-0.0003745511387262744	0.0003958586055210383
0.215707	0.0001708419819966007	-7.88547606361406e-05	0.00018816231314349287
0.215767	-0.00026413228161573435	-0.00011283241707573569	0.00028722293873346255
0.215827	-0.00037655981131113047	0.00029825592098078587	0.0004803684896980348
0.215887	0.0003552855288064331	-0.00010172345382956517	0.00036956118307836727
0.215947	-1.0822675586050264e-05	3.088041324286104e-05	3.2722014438153956e-05
0.216007	9.146373973899683e-05	0.00011917491657168489	0.00015022741569670632
0.216067	4.951997932902231e-05	-0.00015993227273587552	0.00016742329651278903
0.216127	-0.00023339825884820215	0.00018492182099584038	0.0002977764717263438
0.216187	0.00012549696188216206	5.1424886649359104e-05	0.0001356245051919168
0.216247	-2.6597605517901515e-05	4.185436657847146e-05	4.959052954920903e-05
0.216307	3.5654244465669036e-05	0.00020470463406209178	0.00020778645854557654
0.216367	4.686426624835987e-05	-0.00016412717195245677	0.0001706868126836648
0.216427	9.167850476130266e-05	0.00035933147402707275	0.0003708423606625018
0.216487	0.00026118816543523743	-5.448337005312089e-05	0.0002668102235218326
0.216547	0.0003510004916914802	-5.1989731739333195e-05	0.0003548299273933763
0.216607	-0.00026462036534372676	-0.00017783302286065425	0.00031882365309745354
0.216667	0.0004232971092170257	-0.00026777843044198304	0.0005008849473496509
0.216727	-4.298316358286024e-05	-0.00012648097367120795	0.00013358513784252993
0.216787	0.0002613982527363566	0.0002883538469855775	0.00038920044656320994
0.216847	-4.07108628954238e-05	0.00029834986460030763	0.00030111462280120487
0.216907	-2.1949509005212737e-05	-7.217276503913728e-07	2.196137145925214e-05
0.216967	0.0003641969782470914	-0.0002751187484569068	0.0004564315553473567
0.217027	0.00016249550074676867	-5.321667583728121e-05	0.00017098772572940248
0.217087	0.0003599000282391891	-0.00016075824212942886	0.0003941715904769307
0.217147	0.00011327672779695518	-3.955371466534775e-05	0.00011998380475803067
0.217207	-0.0003291124441268485	9.45195311791123e-06	0.00032924814395360097
0.217267	-1.7503026425245857e-05	-0.00023329450950568587	0.0002339501743951934
0.217327	1.9851028508920204e-05	5.1140020654620024e-05	5.485767991281554e-05
0.217387	-0.00014424342236191308	-0.00030328988543677033	0.00033584359380956863
0.217447	-0.00041253174555413346	-0.00027166979681666527	0.0004939503209760558
0.217507	0.00014428423221831413	-0.00015497710853268462	0.00021174476105911076
0.217567	0.00012628606381426098	2.1109902388357726e-05	0.00012803826729749818
0.217627	5.257966805758404e-05	0.00013689085140766824	0.0001466414903503167
0.217687	-0.00021289954113813285	-0.00023423068915922864	0.0003165284037188996
0.217747	3.975134249991469e-06	-9.338528327338839e-05	9.346984981456024e-05
0.217807	0.0003068325084017954	3.40876602730284e-05	0.0003087201917514098
0.217867	0.00019569631849299907	-3.909555248030557e-06	0.00019573536648738452
0.217927	0.00012383380546247678	-4.097518769483001e-05	0.00013043687125174802
0.217987	-8.24368833314022e-05	0.0001521449326467857	0.00017304311677582027
0.218047	8.340791958797463e-05	7.664141076174405e-05	0.0001132730634067271
0.218107	0.0003120026315051487	0.00019403004565611933	0.0003674143446892804
0.218167	-0.00021436754298025606	0.0001645568754647518	0.00027024509014247374
0.218227	0.00014635711181600506	-9.035375330563496e-05	0.0001720005956836724
0.218287	-8.821923677373922e-06	0.00012516877013774345	0.00012547927061935238
0.218347	-0.00013958114935594897	0.00028808590926696857	0.00032011933458275175
0.218407	0.0003425949214156351	-0.0003270052047848124	0.0004736070989080952
0.218467	0.0002940685783050734	-7.172934182290421e-05	0.00030269031571015636
0.218527	7.60568942536139e-05	-1.9773821066872277e-05	7.858533681985519e-05
0.218587	9.24978537158968e-05	-0.00023713531398423585	0.0002545368540711729
0.218647	0.00010980261714627637	-3.02280266932555e-05	0.00011388743710322009
0.218707	0.0001874936515957589	0.00021075051299354527	0.0002820809247640725
0.218767	0.0001622912402089151	-0.0001509250722487438	0.00022162315781938565
0.218827	7.02233919779674e-05	0.0005710840892166049	0.0005753854027842994
0.218887	-0.0001716908856693154	6.70906951411577e-05	0.0001843337234377847
0.218947	-6.204038351529555e-05	0.00021024310401033681	0.00021920577540435895
0.219007	9.33838051131458e-06	9.950816604681383e-05	9.994538739018611e-05
0.219067	-0.00010650481060675611	0.0004572584038873898	0.0004694981603883281
0.219127	3.329380073892804e-06	6.639931409319012e-05	6.648273222215337e-05
0.219187	0.00012290413592334312	-0.0001523143558500747	0.00019571686086049608
0.219247	-0.00018557491224923916	9.755254865899824e-05	0.00020965339922400265
0.219307	-0.000528129828259002	-0.0001227131156707343	0.000542198878876102
0.219367	0.0001579176262991622	9.976137654515729e-05	0.00018678947761088284
0.219427	0.00012684901629400272	-0.0002874461456423442	0.0003141909603718667
0.219487	0.00025379029346461187	-2.133748944202232e-05	0.0002546856916132947
0.219547	6.842905235247952e-05	-0.00010365109033944823	0.0001242017863575836
0.219607	0.00011762321868422137	9.765058973152307e-05	0.00015287530620917953
0.219667	-3.7557180954336117e-05	0.000270166496834782	0.00027276450988575297
0.219727	-1.510926358506791e-05	0.0003402573958481662	0.00034059269703776493
0.219787	6.588401034957964e-05	-0.00021246567791759219	0.00022244632411601127
0.219847	0.00013146712650666579	-0.00020870875144024973	0.00024666363388158296
0.219907	0.00011518253800453924	-0.00017183737709688756	0.00020686976876456615
0.219967	9.650639926028372e-05	-0.0001013886772769701	0.00013997552992633705
0.220027	-4.889376436239902e-05	0.0004286675096677817	0.0004314469075544562
0.220087	-0.00017089474299037267	-0.00013330534589851598	0.0002167379256772301
0.220147	-7.579358107524652e-05	0.000193502969157199	0.00020781738619485589
0.220207	0.0003921472039768935	0.00018827184863058667	0.00043500082594596744
0.220267	7.073753938953401e-05	-9.915353180786164e-05	0.0001217999275404485
0.220327	3.466251931286325e-05	0.00017154995714378625	0.00017501679359749884
0.220387	-1.7123366579356848e-05	0.0002581042566067336	0.0002586716392678672
0.220447	6.50637758324264e-05	-0.0002512115402470298	0.0002595005450453954
0.220507	2.0319502633684328e-05	0.0002635862797308834	0.00026436832081330736
0.220567	-5.2606984324120656e-05	0.0002040388780618809	0.00021071155298281436
0.220627	-0.00024412972460371697	0.00014084602886171835	0.00028184557168989315
0.220687	0.00011374146896806641	-4.6005983371006875e-05	0.00012269340760182257
0.220747	6.698560830785047e-05	-0.0003306933886239979	0.00033740952713282306
0.220807	0.00020701238430447715	0.00014553201632754666	0.0002530487997042978
0.220867	-0.00024456065849932777	-0.00035965493133614226	0.00043492710345531473
0.220927	6.80805222404242e-05	-6.431141993912188e-06	6.83836025365347e-05
0.220987	-5.654546718128802e-05	0.00018729952353675484	0.0001956489237789094
0.221047	-0.0003079213077093249	3.771358911682158e-05	0.0003102222534659517
0.221107	0.00043292627299576324	0.00028836877221864797	0.0005201746885815309
0.221167	-6.141120293936086e-05	-0.0002769720500894748	0.00028369852374876027
0.221227	-0.0001701043943714089	-0.00010225136129862392	0.0001984712721576741
0.221287	-0.00015562521371493654	-0.0001408276205568303	0.00020988479186334166
0.221347	0.00033094885177194065	0.00047210724182024366	0.0005765521574569676
0.221407	-0.0001992647035826758	0.00020836510951681723	0.00028830962689068654
0.221467	0.00010216006182892483	1.9924731984130123e-05	0.00010408493251921318
0.221527	-0.0002166087051917281	-3.0375359670991984e-06	0.00021663000205324377
0.221587	-6.8685674843968925e-06	0.0003077210000484588	0.0003077976463362111
0.221647	0.0001948269575099823	0.00010115702146473797	0.00021952286068702254
0.221707	0.000166601758223448	-1.2696922979483585e-05	0.00016708488171073756
0.221767	0.0003527315594046133	-8.10362067923378e-05	0.00036192046061434653
0.221827	-0.00015944552289805382	0.00028042391151282997	0.0003225840121896764
0.221887	0.0001755187543582723	0.0002877315656538208	0.00033704048273920824
0.221947	0.0002085446209909046	7.173945952659142e-05	0.0002205389058588246
0.222007	0.00016485785591967828	0.00030764717771588067	0.0003490342370240777
0.222067	-0.00019977731886021774	-0.00012635035266510335	0.0002363797553716754
0.222127	3.3262670779021216e-05	-9.973769030922765e-05	0.00010513806225897905
0.222187	-0.0001919416119959427	-0.00019478734942231276	0.00027346607451486773
0.222247	5.154878263174098e-05	-5.021502985218215e-05	7.196406196060659e-05
0.222307	0.00022213825142865663	5.077498441713487e-05	0.0002278672898648276
0.222367	0.000257096987656827	-5.0061244360329776e-05	0.00026192554142183096
0.222427	-0.00018496186254563136	0.00011019553540082228	0.00021529966701930336
0.222487	0.00021101934832279973	-0.0001934840567229838	0.00028629573097159846
0.222547	-0.0004207991653158525	-9.110633843781146e-05	0.0004305488386165537
0.222607	2.7996972289210672e-05	-0.00014683052258771816	0.00014947586032783102
0.222667	-5.29002957548265e-05	0.0003432020703224156	0.0003472550969597717
0.222727	0.00021723555194923624	0.0001419710365642284	0.0002595131215445778
0.222787	-3.022175768123273e-05	6.508090912724008e-05	7.175569224926501e-05
0.222847	0.00043827686388097747	0.0003546021553789187	0.0005637635124879222
0.222907	-4.7162168985092e-05	-0.0005069200786867132	0.0005091092577817868
0.222967	4.5598762848635416e-05	-0.00027461520437668623	0.000278375210189728
0.223027	-9.43350130603092e-05	-5.0273747138498514e-06	9.446887945562901e-05
0.223087	4.426324808202803e-05	0.00026966742432967504	0.00027327596834586857
0.223147	0.0005386635795950257	0.00022145682194231713	0.0005824101441140237
0.223207	-0.0005520273355152201	-3.433759185158626e-05	0.0005530942499883718
0.223267	-0.0001073518540547788	0.0003316779566331898	0.0003486182546645638
0.223327	-0.00010323721092251318	0.00023017313362196892	0.0002522649265364019
0.223387	0.00022296033543796069	1.3041621122628414e-05	0.00022334143157979922
0.223447	0.0002714960533376824	0.0003208575607150639	0.00042030903065001904
0.223507	-0.00012322326158897078	0.00016221698556305564	0.0002037113708210431
0.223567	-7.470884033896308e-05	-0.00028033864942132584	0.0002901226795411998
0.223627	0.00018041560937501154	-0.00026803790947487296	0.0003231007784296054
0.223687	-0.00027440619734681797	-6.782633569884254e-05	0.00028266441756378337
0.223747	-0.0002900164669615851	-1.985992639144216e-05	0.00029069566179279954
0.223807	3.370592301516315e-05	-0.0003325639521310689	0.0003342676644596961
0.223867	6.805267063459993e-05	2.31578309894247e-05	7.188498533515951e-05
0.223927	0.00023645342773148	6.246845691171193e-05	0.00024456600662172296
0.223987	-7.437684715938391e-05	-0.00018260647075925155	0.0001971726110709085
0.224047	0.00011070135178293837	-3.0624374089485826e-05	0.00011485922503196094
0.224107	-3.3369874747632075e-05	-5.245251184544413e-05	6.216763257169368e-05
0.224167	-1.118462038124584e-05	0.00013156340010767492	0.0001320379641654806
0.224227	-1.179181923783608e-05	-7.378768468872135e-05	7.472395474451258e-05
0.224287	-0.0001031111055148638	-0.00020712141614242596	0.000231368064143134
0.224347	0.00013815214945303708	-4.626567804124196e-05	0.00014569327150939452
0.224407	0.00010273684851325909	-0.00015035642488554023	0.00018210413105362942
0.224467	-0.000371869401978371	-0.00034518494583183495	0.0005073849613032279
0.224527	0.00039881086336693414	0.00023664522279939157	0.00046373598761930595
0.224587	4.9469307845107164e-05	-7.152844696269484e-05	8.696856411122946e-05
0.224647	-7.360149495198957e-05	0.0001453960451840729	0.00016296376902347561
0.224707	0.0003089037499971544	-0.00013353901474255167	0.00033653260647479005
0.224767	7.689698880249746e-05	4.8626613302971795e-05	9.098183559484922e-05
0.224827	0.0002073781919342417	-0.00011422022187881518	0.00023675298007831065
0.224887	0.00016801173470696568	-0.00010330971273189719	0.00019723295805719422
0.224947	0.00030804433278708564	-0.00023762356076332896	0.00038904532845426154
0.225007	1.2941772692240741e-05	-1.979784973010468e-05	2.3652575638890453e-05
0.225067	-0.0003610477392774246	-0.0002273496070294043	0.0004266653417536556
0.225127	0.00016481786137952147	-0.00021096618768700424	0.00026771563229835394
0.225187	-3.14862092891992e-05	-6.02849730153856e-05	6.801219998551012e-05
0.225247	8.304548837168532e-05	-3.165730090405716e-05	8.88748436815601e-05
0.225307	-0.0003432090837972735	5.644493931123067e-05	0.00034781964633242386
0.225367	-0.00023163706195437807	0.00013856490535649486	0.0002699184348415476
0.225427	-0.00022927976617028074	-0.00015182731370346449	0.0002749922623666143
0.225487	0.00017345233892874276	0.00033748648448545866	0.0003794507096978541
0.225547	-0.00019275562797968282	0.00020474494219499377	0.0002812031711632592
0.225607	0.0002631117027219935	-0.00022951089982404523	0.0003491461316516476
0.225667	0.0001946587270989003	5.696305277147354e-05	0.00020282211274121425
0.225727	0.0003498017779449124	-9.667443128749136e-05	0.0003629149067180648
0.225787	0.0002711847924189747	-8.601187688667044e-05	0.00028449821546872684
0.225847	8.293803823558245e-05	0.00023244400537016604	0.00024679735375180323
0.225907	0.000248661593155313	0.00019801851396188385	0.0003178740627704802
0.225967	-2.8920307988600512e-05	-0.0002702534307947504	0.0002717964331452649
0.226027	0.00021868496082119167	-0.0006182206404614586	0.0006557590048043123
0.226087	-0.0002475378292210445	-0.00013170215901640443	0.0002803933586678709
0.226147	0.0003630906549435897	9.425169212250406e-05	0.0003751242529820222
0.226207	0.00012426222996458192	0.0001301337568097371	0.00017993303325733838
0.226267	5.989889583155717e-05	6.800507089467125e-05	9.062321661268154e-05
0.226327	0.00039621841891072175	-1.3259592020425063e-05	0.00039644022533625456
0.226387	4.7728893502663216e-05	-0.0001319269656780758	0.000140295301232838
0.226447	-0.00038589942917053406	-0.00013472174137821668	0.0004087399136787636
0.226507	0.0001389197339154611	0.0002671283440151642	0.00030109175453244555
0.226567	-0.00017668166728647186	2.0286836189115673e-05	0.00017784253506316074
0.226627	0.00015926321711983178	-6.422144526947524e-05	0.00017172409953136714
0.226687	0.00017664480454563692	-0.00011672922332982871	0.0002117288325952592
0.226747	-7.933193853830814e-05	-0.0002926024211882905	0.00030316618109132103
0.226807	1.4890477571705653e-05	6.136713788283198e-05	6.314785771698024e-05
0.226867	0.00010464073125202359	-5.7142529090466497e-05	0.00011922647049968827
0.226927	-0.00024882445057780746	3.742682975890204e-06	0.000248852596693717
0.226987	0.00013708858336834693	8.520687547312716e-05	0.0001614109392756055
0.227047	-0.0003719111262888423	0.00023334926948034339	0.00043905554025025706
0.227107	0.00019905453573769856	0.0001552623892357727	0.00025244626697368944
0.227167	-0.00023901127736698977	-7.429138910922993e-05	0.0002502910330083344
0.227227	-0.0001391066454801523	0.0001247830792838887	0.00018687288645576712
0.227287	0.0003575311433370765	-0.00014304181954438535	0.00038508373192655857
0.227347	0.0001519016684796048	-0.0001244841393867534	0.00019639352801390482
0.227407	0.0002751113401071219	-0.0001388810914991361	0.0003081788555879977
0.227467	0.00019127031333171106	-0.0002531593411209343	0.00031729163991318227
0.227527	-0.0004265186749536588	-2.05251263597645e-05	0.00042701224911741013
0.227587	7.877872386451291e-05	8.83383474164792e-05	0.00011836279380783369
0.227647	-0.0004456315433474073	7.055386484278971e-05	0.0004511821364709011
0.227707	0.00016829213125886468	-7.853635161764435e-05	0.0001857153735398909
0.227767	0.00018224086389589616	5.519582293454081e-05	0.00019041615305153008
0.227827	0.00027854044838322126	-3.6206862892508354e-05	0.0002808838163832919
0.227887	-0.00015411404766708687	-0.0002536400321013991	0.0002967901709503397
0.227947	-0.00024777472057602856	-3.0269808008950897e-05	0.00024961685326401297
0.228007	-9.991675644359957e-05	-0.00021472349538995212	0.0002368322986644524
0.228067	0.00030485733347322685	0.00017448730449031854	0.00035126032113050196
0.228127	-0.00016675053962364697	9.252980790044131e-05	0.00019070266860972353
0.228187	-5.212972005477172e-05	0.00017555951751220726	0.00018313561068811243
0.228247	-0.0003110287999005065	-0.0003373063250658775	0.00045881856032313766
0.228307	2.5128161172228525e-05	0.0001451143325246147	0.00014727387408485575
0.228367	8.353868338226863e-07	-0.00030975933937536223	0.0003097604658464714
0.228427	-1.435720079816157e-06	7.955921982356732e-05	7.957217322080813e-05
0.228487	-0.0003046673730017897	-0.00021089796570729927	0.0003705403623241183
0.228547	5.333263213036529e-05	0.0002257793333737636	0.0002319928383132849
0.228607	0.0001175378962940134	9.721855676485449e-05	0.00015253394653211947
0.228667	-4.546881870787927e-05	5.00732229297024e-05	6.763683263768097e-05
0.228727	-0.00015909361748220246	0.000206726387472581	0.00026085739092660774
0.228787	0.0003997433774210439	-5.1999317769995214e-05	0.0004031112710412946
0.228847	-0.00021442277123298728	-3.7338809715066956e-05	0.00021764951535478312
0.228907	-0.00016664609236108666	-3.3424012387248335e-05	0.00016996495139670048
0.228967	0.00010107103204319874	7.495345487061443e-05	0.00012583073517753339
0.229027	0.00020946233980295245	-0.0001860131615140401	0.0002801345534777456
0.229087	-0.0002043412066213115	-6.390851695655043e-05	0.00021410190859270548
0.229147	0.00015196210831040308	-5.128280232618841e-05	0.00016038206937363537
0.229207	0.0001888677577210451	-3.5248684138347656e-05	0.00019212886206934238
0.229267	7.143897758692211e-07	9.87355112372766e-06	9.899361825124396e-06
0.229327	-0.00028170353216716766	-0.0002918892613161597	0.00040565529813765757
0.229387	4.427908190315563e-05	0.0002929240565116437	0.00029625181852171474
0.229447	-0.00016597675133538537	3.003609820770897e-05	0.00016867260945213213
0.229507	0.0001376597863107834	-0.00018231488840820176	0.0002284489774597943
0.229567	-2.435710905030056e-05	-7.876826936508745e-05	8.24482202358499e-05
0.229627	-4.134228556954235e-05	-4.3242208674153204e-05	5.982535572090316e-05
0.229687	-0.0002316083896172171	0.000267881814695636	0.00035412301928243483
0.229747	-9.65849377359377e-05	0.0005687646853301231	0.0005769072000557185
0.229807	-0.0002486496736170778	0.00038384045286077594	0.0004573403037588584
0.229867	7.108158804966706e-05	-0.00017728459761572776	0.00019100371910366843
0.229927	-1.0594998809767669e-05	0.00025371097501959445	0.00025393210282509036
0.229987	-9.213117458496785e-05	0.000347995200758702	0.00035998446227788106
0.230047	-1.1197271712789199e-05	0.00019235721658658828	0.00019268284217010517
0.230107	0.00029541349363102306	0.00029514559755675	0.0004175883810361796
0.230167	4.3330918947042966e-05	-5.400328682247886e-05	6.923816523006748e-05
0.230227	0.0002758314097763482	5.1535171072214785e-05	0.0002806044199164549
0.230287	-2.011846029804843e-05	-0.0002700779162031253	0.00027082620490895363
0.230347	-6.367489406042101e-05	-0.00011154278523761736	0.00012843786463567148
0.230407	0.00028853322146277785	-0.00015351508922593714	0.00032683069394984286
0.230467	-0.0004976217653339559	2.1504049884409445e-05	0.0004980861827992358
0.230527	0.00013883230342508614	-8.770062652621294e-05	0.0001642126924674383
0.230587	-0.00015174509698030124	7.883520124894131e-05	0.00017100164740002391
0.230647	0.00027731185269573317	0.00010845627246572448	0.0002977660603270619
0.230707	6.12357233927927e-05	0.0002100657471525694	0.0002188091221731988
0.230767	0.0004367071186868893	0.0004474290682711943	0.0006252246625380624
0.230827	-9.894978080379454e-05	0.00023186452525043129	0.0002520956508762634
0.230887	0.0001124538631312598	-0.0003754138039284117	0.00039189462297044097
0.230947	-0.0001958992353028226	0.00032539350037773257	0.00037981237536486895
0.231007	-2.09309173711486e-05	0.00020522239517218867	0.0002062870203919961
0.231067	-8.205414442319097e-05	-0.00015360568485994162	0.0001741481812661665
0.231127	2.3962664389408867e-05	-0.0005917048533616378	0.0005921898705452135
0.231187	-0.00014441212406580641	0.0002239768494931868	0.0002664966992029949
0.231247	-0.00026804460959656685	-8.978119178568309e-05	0.000282681048413638
0.231307	-9.481281847115931e-05	0.0002149749529788893	0.00023495467851209235
0.231367	-2.9839268075921985e-05	0.00010498138356079703	0.00010913969403313317
0.231427	0.00020315660334889742	0.0001307924439437613	0.00024161802266603206
0.231487	0.00026651140050821186	-0.00048195939524805543	0.0005507387631797128
0.231547	0.00018910915889745384	-4.9297417606333614e-05	0.00019542903919723828
0.231607	-0.0001825832628378325	-0.00040103359204655606	0.0004406411122651546
0.231667	-8.2158683345355e-05	-0.00026616724716738507	0.0002785588855407527
0.231727	9.187698312887917e-05	-0.0001310336710187818	0.000160035005450441
0.231787	0.00012108873001795889	7.264410073246827e-06	0.0001213064391987269
0.231847	-0.00012511518617935318	0.0002009736014935877	0.000236736558879269
0.231907	-0.00024196598547876995	0.00021730100872747307	0.0003252187979233206
0.231967	-5.609147864550134e-05	4.55480567084979e-05	7.225565338822474e-05
0.232027	-6.0811814331255664e-05	0.0003182926719889547	0.0003240498446290746
0.232087	0.00015609178352073535	7.320336802936589e-05	0.00017240469243476783
0.232147	-0.0001798016752663735	5.012189276633252e-06	0.0001798715221204825
0.232207	-5.3164627203149126e-05	0.00038270360388062885	0.000386378733898323
0.232267	0.0001429905678899032	0.0002727602824657857	0.00030796830063545863
0.232327	4.590842989684175e-05	-0.0001337014115460072	0.00014136354333769375
0.232387	0.0002988078728931152	-0.0002861082490107987	0.0004136956309352726
0.232447	6.935310132924545e-05	2.2009898504498694e-05	7.276186017525198e-05
0.232507	-1.9466679815336402e-05	2.31513544181123e-05	3.0247922811754752e-05
0.232567	-0.00024552260006442233	0.00021984076091829087	0.000329562296544261
0.232627	-4.2937099264860965e-05	1.203726614386784e-05	4.459249117843531e-05
0.232687	0.00016138645361802567	-0.0001684388378763353	0.00023327500834108552
0.232747	-7.908000366797817e-05	-0.00020121590318518553	0.00021619779525878008
0.232807	0.00016416233882282454	0.00024739279926369075	0.0002969048174336426
0.232867	6.99416818023459e-05	-7.905753670999342e-05	0.0001055553549754467
0.232927	4.20164950641675e-05	5.655681110655592e-05	7.04560766720647e-05
0.232987	0.00011831300745597494	-0.0002669082583079859	0.00029195545222906885
0.233047	0.00011214749690968332	-5.7469401739273163e-05	0.0001260150514794856
0.233107	-0.00012882825696840044	-0.00015980185250146915	0.00020526410269800592
0.233167	-8.779062317013401e-05	-0.00010225781756801278	0.00013477334591963447
0.233227	-0.0003415232782240532	-6.160114043512162e-05	0.0003470343643961094
0.233287	-0.00018154890203836744	0.00040535213477862776	0.00044415127715782555
0.233347	2.508244494512545e-05	-5.906331481686793e-07	2.5089397998775595e-05
0.233407	-0.0003460419778020777	0.00047539483020999404	0.0005880011011822705
0.233467	0.00015733812241710743	-0.0002225276473389507	0.00027253227074229043
0.233527	0.00017488713150699953	-0.00022933461207699232	0.0002884092111276113
0.233587	0.0001464303527334024	0.00014766045537764556	0.00020795542379068238
0.233647	0.0001963493935776817	0.00012501771524095845	0.0002327713759945426
0.233707	-0.0003683872594941824	1.395275335997904e-05	0.0003686513966933511
0.233767	0.00031344153442422267	0.00016436027740544882	0.00035392074860201016
0.233827	-0.00021485945887773586	-0.00027284726548072535	0.0003472898175149149
0.233887	-0.00042905536984537516	7.033619174369446e-05	0.00043478234814922905
0.233947	-0.00025854693149884346	0.00027090490458040167	0.00037448095160259377
0.234007	9.626839680729272e-05	-0.00022902532368914664	0.0002484355109777279
0.234067	0.00039907058639409383	-0.00014217097760400226	0.0004236389026019726
0.234127	0.00020218844585145063	-0.00019330618432000565	0.00027972745401941686
0.234187	0.00019580841027371757	-5.420835791661218e-05	0.0002031735209173086
0.234247	-0.0001139510492851366	-0.00039443472758240625	0.0004105649716624528
0.234307	-0.00014006139374505433	-3.0075684349475206e-05	0.00014325411270499849
0.234367	0.0003438483931537386	0.0002141224098675464	0.00040506804845839606
0.234427	0.00011003914542949238	-0.0002069673096402176	0.0002344015375089564
0.234487	0.0005363554573574593	-0.0004937330441458997	0.0007290058268071019
0.234547	0.00011293487178969825	4.1694601201887045e-05	0.00012038573435228937
0.234607	0.0002573424243044492	-0.0001790142038052177	0.0003134823894749228
0.234667	-0.0002619964461643761	8.654535051559243e-05	0.0002759207050922956
0.234727	0.0001310347613211257	0.00023161666541506878	0.00026611348776880945
0.234787	-0.0003157461106867053	-5.037060223840118e-05	0.0003197386494993065
0.234847	-7.808679640038693e-05	-0.0003705491956750588	0.0003786875416322915
0.234907	-0.00010863590906260614	1.1016783842002831e-05	0.00010919308707093249
0.234967	-6.956440591989851e-05	-4.079587237991451e-05	8.064434124119734e-05
0.235027	-0.00029101284056420645	-0.0001281218713721958	0.0003179680601839778
0.235087	7.352139453135003e-05	0.00023555221225907228	0.000246759478346785
0.235147	0.00023349664622194637	-0.00015698065039031553	0.00028136028218969227
0.235207	0.000215755742038665	6.086786530557742e-05	0.00022417724516442982
0.235267	-7.64862376019743e-06	6.965358493072973e-05	7.007227225606028e-05
0.235327	-0.00042334734638492977	0.00019788070352421387	0.0004673111902345155
0.235387	0.0002667259919547413	0.00012612372877415134	0.00029504228467142876
0.235447	2.5772715823796285e-05	-0.00013167216190577416	0.00013417075352652142
0.235507	1.8526091365910977e-06	0.00025761584880929926	0.0002576225101157675
0.235567	0.0003506530694461948	-0.0003361446311793864	0.000485747658957574
0.235627	6.368589399781382e-05	-5.7795445212805734e-05	8.60012010477017e-05
0.235687	-0.0002610662605492324	0.0002870475090848712	0.00038801013500808055
0.235747	0.0001598137221131331	-8.598386214244902e-05	0.000181476307887794
0.235807	-0.00033709740751904603	0.00017455434707163458	0.00037961017140965346
0.235867	4.710735803808532e-05	0.00012173811686120094	0.00013053456353870333
0.235927	-2.9741948060874257e-05	0.00022327596010525004	0.0002252481694384595
0.235987	-8.459660130571956e-05	-0.0004269240900159373	0.0004352249574512186
0.236047	-4.548523492043424e-05	-2.7698020280087524e-05	5.3254923933878924e-05
0.236107	-1.7836166896572324e-05	0.00025873990454300757	0.00025935394165596765
0.236167	5.2105379627530166e-05	7.632723445688575e-05	9.241654238265703e-05
0.236227	-7.503036262676937e-05	0.00011789675651946701	0.00013974691593632754
0.236287	6.953286881197405e-05	-2.149414707076874e-05	7.277924294414603e-05
0.236347	8.198494446297614e-05	0.00038460123640549125	0.00039324247248133035
0.236407	-8.056913098436637e-05	0.00017696084574632582	0.0001944390027613568
0.236467	-0.00022867734782109077	0.00026825424067483086	0.0003524963362171559
0.236527	0.0001946801878330169	-0.00013120410435357054	0.0002347656119066874
0.236587	-0.00011019501493960256	-0.00011985697933694628	0.00016281473156111028
0.236647	1.4149997681635131e-05	0.00019157243802464286	0.00019209430352068202
0.236707	-0.00011483901219000344	1.164587191842208e-05	0.00011542800809819102
0.236767	4.5696873876257006e-05	0.0005591788040713616	0.0005610429031765225
0.236827	8.937885361266109e-05	-0.0001274056886476893	0.00015563029580677873
0.236887	-0.0001811618785760157	0.00030514084177647087	0.00035486696037986446
0.236947	-7.458389659691284e-05	0.0001384493923542603	0.00015726090383449693
0.237007	-0.0002922861658183998	-9.590372216645694e-05	0.0003076178256444221
0.237067	0.00015066842195792367	-7.1883828252883e-05	0.00016693788707055363
0.237127	5.631577310311116e-07	0.00010959674989461217	0.00010959819676478347
0.237187	-0.0003740995671252231	-0.0002611618633959332	0.00045624116979478665
0.237247	-0.00028368537332824337	0.00016935173435546659	0.0003303897712847499
0.237307	0.00017174598625864626	-1.0512616938502194e-05	0.00017206742547865007
0.237367	0.00037753465170514396	0.0001326339262180125	0.0004001551844249048
0.237427	1.1256757881223316e-05	-0.00027276863599149184	0.0002730008120476118
0.237487	0.00026791944643195166	-0.00010833385246055957	0.0002889931718317056
0.237547	-0.00017887078524378718	-5.787310648998676e-05	0.00018800014433114243
0.237607	-0.00014234305918705648	-0.00028638835325904175	0.0003198121876682556
0.237667	0.0005692583769333478	-0.0003133138592900396	0.000649785098422554
0.237727	-0.00019743950029877525	-0.00024821351477273795	0.0003171629000908938
0.237787	-0.00021301920428436333	-8.093894016773182e-05	0.00022787780372256309
0.237847	0.00023532138040396812	-0.0002564402799013155	0.0003480485156283447
0.237907	-6.051141763488389e-05	0.00040179887729713834	0.000406329877638138
0.237967	0.00014643321014148186	0.0003608027445749203	0.00038938580550032195
0.238027	0.00010904754674176596	0.00019417792088995681	0.00022270256489664405
0.238087	-4.669126489397081e-05	0.00023471212367213217	0.00023931120996744222
0.238147	-0.0003087739885312676	0.00024139299069553263	0.00039193360655912234
0.238207	0.0001410784693732488	-0.00012028602520287697	0.00018539650045188517
0.238267	7.736186507256913e-05	-0.000352101076219584	0.0003604996893791945
0.238327	5.766050844954786e-05	0.00018045288102911387	0.0001894412217717356
0.238387	4.153118954436783e-05	0.00013947167355957412	0.0001455238380145281
0.238447	-0.0002918305407626884	-0.0003427596037742397	0.0004501657589169982
0.238507	-0.00018243178749817357	-0.0005322310360655048	0.0005626288588769149
0.238567	-3.9420672834484524e-05	-6.820825259738811e-05	7.878042376829772e-05
0.238627	-0.0002882826113588401	-9.215504372124077e-05	0.000302653954368906
0.238687	4.615256737960441e-05	5.642339375458262e-05	7.289484781871486e-05
0.238747	4.333926885812339e-05	-1.5859256750724433e-05	4.61498456101654e-05
0.238807	-0.00022600789585835727	-0.00028586288257045976	0.0003644134418786093
0.238867	-0.0002058419566875553	0.00019435615534945215	0.0002830993222442996
0.238927	0.00024317759787152707	-2.8348173265746985e-05	0.00024482435139109616
0.238987	-1.5298812531598253e-05	0.00024253787856304688	0.00024301990906660357
0.239047	5.621286833078175e-05	0.00012253634144228945	0.00013481484169050213
0.239107	0.0002639909511808719	0.00023255309557517704	0.0003518126839199788
0.239167	3.2878187227900914e-05	-0.0003111076823001343	0.00031284015915728305
0.239227	-7.79821006586765e-05	-8.410535048637694e-05	0.00011469489092185518
0.239287	0.00014947523370341577	-8.223264555792745e-07	0.00014947749566904814
0.239347	0.0002726128202093343	-0.00023840301936124664	0.000362151555820275
0.239407	0.0003010866157353795	0.0005743231896140082	0.0006484599265208237
0.239467	-1.2012271990314724e-05	-7.887824434969933e-05	7.978766890980192e-05
0.239527	-0.00024310579106322304	4.977063267858597e-05	0.0002481482249094323
0.239587	5.9207832520018754e-05	0.00014621570386099696	0.0001577485324409877
0.239647	-0.0003708569146931764	0.00021726138418705603	0.00042981084238839003
0.239707	0.0003022978508580401	-2.119074125822443e-05	0.0003030396643155197
0.239767	0.00013332109524509956	5.284321509098042e-05	0.00014341171436986773
0.239827	0.00018904156681420842	0.00014948367794619417	0.00024100224886065342
0.239887	-0.00039670855037093184	0.00020888682436302563	0.0004483429260397399
0.239947	-0.0002806355197609091	-6.470830996289112e-05	0.0002879990630709225
0.240007	-8.955212371609486e-05	0.00016624777197428312	0.00018883300704187285
0.240067	0.00021430459336727422	-0.00018143516580513484	0.0002807938356322117
0.240127	-0.00014341337348967208	-7.637960510096061e-05	0.00016248458317965698
0.240187	8.082046649533149e-05	-0.00011200241756729257	0.00013811766485660395
0.240247	0.0005571380665244909	-0.00033464252750521747	0.0006499141838625529
0.240307	-0.00018152651824985798	0.0002808317494983707	0.00033439250642655204
0.240367	-0.00018615486611011904	9.38238962794784e-05	0.00020846236516344784
0.240427	-0.00024089269800182164	0.0002318920609325576	0.0003343698848194105
0.240487	-0.00014536169779853043	5.7145551735289965e-05	0.00015619102813542777
0.240547	-0.00023334704420763496	0.00014995784456091143	0.0002773773570171048
0.240607	-7.692111676157234e-05	0.0002716432247499874	0.00028232410410097754
0.240667	0.00019986227950652237	-0.00015788297048030685	0.00025469975095635395
0.240727	-0.00016298620762650104	4.356523483639004e-05	0.00016870813128838432
0.240787	8.676558672885738e-05	0.0002840552532212654	0.00029701120167933075
0.240847	-5.195244708024722e-05	-0.00013847500677806633	0.00014789991298108123
0.240907	-0.00013884071899832598	-0.00010591376915762915	0.00017462666391232374
0.240967	0.0003134964597385298	0.00018147243085111294	0.00036223234729604645
0.241027	0.00015673664682395812	0.00030009364299023725	0.00033855955313765726
0.241087	-0.00020565127689873517	-5.952427708949559e-05	0.0002140924736021967
0.241147	0.00015728097381681677	5.2259084357182524e-05	0.00016573568300947545
0.241207	-9.359441768262572e-05	-8.917665305584526e-05	0.00012927641111816338
0.241267	-0.00027453536957162755	4.952025463471106e-05	0.0002789658128963417
0.241327	-5.4175579469512686e-05	-9.932719543011609e-05	0.00011314099682639339
0.241387	9.142004033929217e-05	-3.6502194280731826e-05	9.843797012812739e-05
0.241447	9.678289438701994e-05	0.000338496127044467	0.00035206044462568215
0.241507	6.644063674111542e-06	0.00010755294685675982	0.00010775796935576806
0.241567	-0.0001016349213970456	-0.00010982743388200884	0.0001496386396639941
0.241627	-0.00020179556947216024	0.00015581046683356414	0.00025494774647658025
0.241687	0.00013589933883312153	0.0002199804195007957	0.0002585730366047969
0.241747	-0.00031539061547476574	-0.00019829703682434119	0.0003725492653903181
0.241807	5.334428112108836e-05	0.00018983079602800517	0.00019718352732657918
0.241867	-0.00021969382147037683	-0.0002877248298975569	0.0003620096033696287
0.241927	0.0001270082255729546	-8.796667399059592e-05	0.00015449668312348425
0.241987	0.0001286441946430921	-0.00015987897253953254	0.00020520871003850292
0.242047	-0.00011913146936547357	-0.0002291638925177154	0.00025827968682621514
0.242107	-8.989136179504719e-05	0.00013596753879588992	0.00016299579298736488
0.242167	0.00039001602159500907	0.00021213484835820638	0.0004439748765287939
0.242227	0.00012995292306372741	-7.950640230404692e-05	0.00015234510238317482
0.242287	1.1053473129418257e-05	0.00021541638405840927	0.0002156997862516856
0.242347	0.00016025477061418417	-0.0002504292208004007	0.00029731529751309574
0.242407	0.00027330477626130473	0.00032038335149721614	0.00042111873936436336
0.242467	0.00018445425155847709	-0.00023070356558791864	0.00029537688821737056
0.242527	-0.00022051070309832315	-0.00010571026017913036	0.0002445396272346391
0.242587	4.605812323340258e-05	0.00012548023537552915	0.00013366615198202384
0.242647	-0.000128273184319356	6.580118560298414e-05	0.0001441658969457959
0.242707	-3.704612840473787e-05	7.66393080712238e-05	8.512343491316758e-05
0.242767	3.724409566569113e-05	4.625328880977198e-05	5.9384252017477924e-05
0.242827	3.033057132696652e-05	-3.004175504019438e-05	4.2690169862806214e-05
0.242887	0.00039420477604707637	0.00040373267238077114	0.0005642672028445785
0.242947	7.254535124126253e-05	0.0002569995763352956	0.00026704233788528664
0.243007	3.3537052381578276e-05	-0.00015049059766878553	0.0001541822099632542
0.243067	-0.0002677046310319973	-1.1023364531235681e-05	0.0002679314913211329
0.243127	-0.000352327206202402	-0.0002806380906531806	0.00045043556493226943
0.243187	-8.022539498826836e-05	0.00031200047581480904	0.00032214967159643497
0.243247	8.596770279436941e-05	0.0003484547290113038	0.00035890269446478415
0.243307	-0.00019805680678879886	2.4479195833662472e-05	0.0001995638487904019
0.243367	9.547430846140343e-05	4.784743948100682e-05	0.00010679288853229798
0.243427	-7.827493512050154e-05	-0.00010581692112073457	0.00013162137464557377
0.243487	0.00031694483919595946	-4.6659904211043525e-06	0.0003169791831643877
0.243547	-0.00030348780910398093	-0.0006170368777714117	0.0006876331571445827
0.243607	0.00013930569472397005	0.00013950818056793	0.0001971512338990099
0.243667	0.00015849056179391576	-1.57971386563906e-05	0.00015927588570615535
0.243727	0.00015791867154675213	8.6826691575836e-05	0.00018021426467706802
0.243787	0.00032698286959519367	-0.00026116950116237105	0.00041848214459652775
0.243847	0.00030743777906706274	-0.0001936920576782372	0.0003633656577131604
0.243907	-3.54154652155437e-06	-0.000519130359255596	0.0005191424394639765
0.243967	3.938035734603039e-05	-3.12683159241259e-05	5.0284392463586506e-05
0.244027	-0.00047435589803875635	-4.0554849656000984e-05	0.00047608635123764663
0.244087	0.00024704592522061	-0.00013570342498045538	0.0002818636349718305
0.244147	-0.0001906331143178256	0.00018938768479231227	0.0002687167271040368
0.244207	-1.9369849552078626e-05	-0.00010961208680897457	0.00011131037977784612
0.244267	0.00016684885933600322	0.0004493028720611644	0.00047928239348440124
0.244327	0.0004712432746020262	0.0002671100077993794	0.0005416806994200783
0.244387	0.00022580933057503503	6.839630331168564e-05	0.0002359404757167569
0.244447	0.0003835878957673397	-0.00047377928516809364	0.0006095953451541484
0.244507	-0.0006444058794843116	0.00023027062924041994	0.0006843124287960347
0.244567	-3.364904579332173e-05	-0.0002391938813273019	0.0002415491071132751
0.244627	-7.472674581614615e-05	-0.00039031151139706636	0.0003974005063778017
0.244687	5.312806797080013e-05	7.386297813577568e-05	9.098533478201877e-05
0.244747	-0.00017808640594760847	0.00019483151319764683	0.00026395849393080957
0.244807	0.000188022137012525	-0.0003152530547039337	0.00036706513387533575
0.244867	-9.664814481522742e-05	8.142843648506682e-05	0.0001263782187112468
0.244927	0.00016564762313243584	-6.1082898211833266e-06	0.00016576020708832705
0.244987	-0.0002255067638144718	-0.00013740144616486427	0.00026406904009041284
0.245047	-0.00011214041360574356	-6.654006378758026e-05	0.00013039575319972075
0.245107	3.950495477259744e-05	0.00035885217463626427	0.0003610201167424897
0.245167	0.00015302874241960392	2.5561295875175686e-05	0.0001551488828620553
0.245227	-3.644457251623164e-05	0.00011859144502008315	0.0001240650542975026
0.245287	-0.0006291891094643959	6.642667404576909e-05	0.0006326858924406189
0.245347	-0.0003486726743855294	0.00020144480348271288	0.0004026818132388725
0.245407	-3.303989790900033e-05	-8.665964509221501e-05	9.27444280878686e-05
0.245467	-0.00011091396158903621	3.9711997458249467e-05	0.00011780895389357385
0.245527	5.054579991890417e-05	-8.289271159282692e-05	9.708799887037262e-05
0.245587	0.00026506031408114457	-4.8972780955487986e-05	0.00026954647720812307
0.245647	-0.0002440444281400217	9.480901952862596e-05	0.000261813737397734
0.245707	0.00022000374395197498	-3.2956444362695946e-07	0.00022000399079473234
0.245767	0.0004003562883984879	-0.0002708835868761487	0.00048338708640084833
0.245827	-0.0004468281682908557	2.9819659042653912e-05	0.0004478220897226726
0.245887	-3.674241342037246e-05	-0.00025453991408992254	0.0002571780955074882
0.245947	-0.00016465404755347984	-5.623568873266917e-06	0.00016475005281521454
0.246007	-7.040709816100899e-05	-2.3174444671564265e-05	7.412296781220614e-05
0.246067	-7.590166108301367e-05	0.00032870386066825266	0.00033735336099315023
0.246127	-0.00033312457405573244	0.0001267853891321458	0.00035643585220513773
0.246187	6.567434425299855e-05	-3.228759154648478e-05	7.318202006595609e-05
0.246247	-4.724749810412261e-05	0.0003288543547004928	0.0003322311133572179
0.246307	0.000179659930767786	-0.00035096821876907697	0.00039427957252364
0.246367	0.00011483860536281841	0.00015595790536156726	0.00019367698243840108
0.246427	0.0002707312436036582	0.00022752507458834084	0.00035364256789817227
0.246487	0.00010308998651557632	-7.573144009932387e-05	0.00012791714638506907
0.246547	-4.610542480550496e-05	0.00020219681946808164	0.0002073867498166266
0.246607	-0.0001682156976698508	-0.00019880784782784678	0.00026042480930298274
0.246667	-0.0002299168941957675	-4.014812298146524e-05	0.00023339590830938445
0.246727	0.000120052773481754	5.23956390905613e-05	0.00013098844001044403
0.246787	0.00041394950992302735	0.00018266515430215258	0.000452460777705365
0.246847	0.000373238492581958	7.069885686104717e-05	0.0003798753752302341
0.246907	-9.120741571389517e-05	-0.0003217072264609917	0.00033438650128022674
0.246967	0.00026364362063419446	-0.0001646404865952333	0.0003108286481768086
0.247027	-1.137995465275641e-05	8.514749600572517e-05	8.59045950106499e-05
0.247087	0.00022890216590762028	3.6450745762183065e-05	0.0002317862343277077
0.247147	-1.3690229161269563e-05	-1.0731397630914404e-05	1.739497828687552e-05
0.247207	4.859795458678894e-05	-0.0002663533950432817	0.0002707506089394853
0.247267	4.2346532678979394e-05	5.781312791711974e-05	7.166300712008337e-05
0.247327	8.022893271659212e-05	-0.0002928955716182636	0.00030368486547477613
0.247387	-0.0001975179331545486	7.384948542648586e-05	0.00021087218976290227
0.247447	0.00014704165685507098	1.9135963415955505e-05	0.0001482816035337534
0.247507	-0.0001896712353594898	-6.427823271537567e-05	0.00020026699359556723
0.247567	-3.1476678429735914e-05	-0.0002253053403331366	0.00022749346730752403
0.247627	0.0003155005596006945	-4.149237365517205e-05	0.00031821725311474204
0.247687	4.405420035593057e-05	0.0004602446611123346	0.0004623482677067236
0.247747	-0.00039084591968436573	6.55092713546514e-05	0.0003962978647019626
0.247807	0.0003065409137542874	-0.0003077199440117149	0.00043434881805743
0.247867	0.00020485015035887272	-0.000336944765998878	0.0003943289989793946
0.247927	0.0004991403049547992	0.00012034335185134839	0.0005134428559880714
0.247987	0.0003663416478662745	7.67827793254899e-05	0.000374301747474313
0.248047	-5.5632366317334714e-05	-0.0002603390148119707	0.00026621675908051627
0.248107	0.00011395525730445452	0.00018496599212667188	0.00021725151072139514
0.248167	-0.00017581216851118872	7.90163641757914e-05	0.000192752443315689
0.248227	-0.00023238974476302848	-0.0002841779200259411	0.00036709955557218495
0.248287	-1.850736250108254e-05	0.00010782917530990048	0.00010940591169932148
0.248347	0.0003090918346363531	-0.0002574518842551983	0.00040226761607842443
0.248407	-0.00020760263782306878	0.0001275804071898765	0.00024367112165751394
0.248467	-3.059301891797734e-05	-0.000172029895571096	0.0001747289837912357
0.248527	0.00012009159166484274	5.059259775948851e-05	0.00013031347335041272
0.248587	0.00040663937018266835	-9.635216154729525e-05	0.0004178986915717651
0.248647	0.0004226574849842991	0.00030673578944859486	0.0005222319351992042
0.248707	-5.084576155352312e-05	-0.00021385567317198204	0.00021981706124821006
0.248767	-0.00025264835389598463	-1.5647168828139383e-05	0.0002531324250638132
0.248827	0.0001137728149304445	0.00020825141545353226	0.00023730340380111886
0.248887	-0.0002584440189054406	3.0374556496580775e-05	0.00026022283641210223
0.248947	-2.5516120704276697e-05	0.00018822243845760257	0.00018994409376108857
0.249007	0.0003800990389615992	-8.696150084071261e-05	0.00038991996877308114
0.249067	0.0004250338353428243	0.00014868696484374603	0.00045029054476046514
0.249127	-4.47494022640931e-05	0.00013247044023955568	0.000139824627803028
0.249187	0.00034390044931920447	0.00017108368524512265	0.00038410564484136773
0.249247	-0.0002055669181824312	-0.0001812261562169971	0.0002740450283223722
0.249307	-8.829378763514304e-05	0.00021594904695721443	0.00023330191558726846
0.249367	-0.00036022431748961286	-7.71141106474339e-05	0.00036838586423993265
0.249427	1.8099422045231788e-05	-0.00018029003550560925	0.0001811962637059199
0.249487	0.00020027767718784641	-8.536599677629164e-05	0.00021771196886108271
0.249547	-0.00014381428654075844	0.00022279077209005687	0.00026517593620408136
0.249607	-0.0003493784310759414	4.825602533261401e-05	0.0003526952396644846
0.249667	0.00010500999056602092	0.00012723261680906283	0.00016497041219187646
0.249727	0.0003845415874112739	-0.00012114032350135772	0.00040317144049001785
0.249787	-0.00036004632353417264	-3.349476919876043e-05	0.0003616009605271429
0.249847	-6.487562440378062e-05	-6.6507776707852025e-06	6.521563835006625e-05
0.249907	-4.575673326672085e-05	-0.00011884518884256342	0.00012734935237474276
0.249967	0.0002288331268895261	-7.432566782316442e-05	0.00024060113229034758
0.250027	6.622161964067456e-05	-3.294770032978365e-05	7.396522064359302e-05
