CPMG train data
Estimated phase correction: -2.086139 rad
time in s	real part	imag part	abs value
0.000067	-0.005357	-0.009661	0.011047
0.000127	-0.003499	-0.006725	0.007580
0.000187	-0.003025	-0.005218	0.006031
0.000247	-0.002890	-0.005018	0.005791
0.000307	-0.001925	-0.003590	0.004074
0.000367	-0.001702	-0.003062	0.003503
0.000427	-0.001614	-0.002495	0.002971
0.000487	-0.000931	-0.002104	0.002301
0.000547	-0.000769	-0.001675	0.001843
0.000607	-0.000852	-0.001512	0.001735
0.000667	-0.000589	-0.001296	0.001423
0.000727	-0.000348	-0.001066	0.001121
0.000787	-0.000679	-0.001077	0.001273
0.000847	-0.000471	-0.000749	0.000885
0.000907	-0.000525	-0.000741	0.000908
0.000967	-0.000459	-0.000453	0.000645
0.001027	-0.000108	-0.000596	0.000606
0.001087	-0.000344	-0.000379	0.000512
0.001147	-0.000256	-0.000612	0.000664
0.001207	-0.000339	-0.000387	0.000515
0.001267	-0.000283	-0.000539	0.000609
0.001327	-0.000049	-0.000505	0.000507
0.001387	-0.000118	-0.000457	0.000472
0.001447	-0.000217	-0.000225	0.000313
0.001507	-0.000197	-0.000364	0.000414
0.001567	-0.000197	-0.000340	0.000393
0.001627	-0.000218	-0.000338	0.000402
0.001687	-0.000291	-0.000278	0.000403
0.001747	-0.000273	-0.000366	0.000456
0.001807	-0.000180	-0.000430	0.000466
0.001867	-0.000254	-0.000371	0.000450
0.001927	-0.000326	-0.000296	0.000440
0.001987	-0.000255	-0.000239	0.000350
0.002047	0.000000	-0.000130	0.000130
0.002107	-0.000113	-0.000183	0.000215
0.002167	0.000085	-0.000142	0.000165
0.002227	0.000084	-0.000044	0.000095
0.002287	-0.000455	-0.000147	0.000478
0.002347	-0.000197	-0.000363	0.000413
0.002407	-0.000211	-0.000062	0.000220
0.002467	-0.000233	-0.000494	0.000546
0.002527	0.000011	-0.000348	0.000349
0.002587	-0.000206	-0.000399	0.000449
0.002647	-0.000024	-0.000104	0.000107
0.002707	0.000047	-0.000154	0.000161
0.002767	-0.000098	-0.000322	0.000337
0.002827	0.000041	-0.000108	0.000116
0.002887	0.000100	-0.000186	0.000211
0.002947	-0.000087	0.000014	0.000088
0.003007	-0.000279	-0.000077	0.000289
0.003067	0.000044	-0.000070	0.000083
0.003127	-0.000087	-0.000250	0.000265
0.003187	-0.000376	-0.000085	0.000385
0.003247	-0.000135	-0.000275	0.000306
0.003307	0.000164	-0.000223	0.000277
0.003367	0.000030	-0.000150	0.000153
0.003427	-0.000135	-0.000439	0.000459
0.003487	-0.000013	-0.000379	0.000379
0.003547	-0.000305	-0.000026	0.000306
0.003607	-0.000126	-0.000224	0.000257
0.003667	-0.000048	0.000093	0.000104
0.003727	-0.000040	-0.000207	0.000211
0.003787	-0.000020	0.000157	0.000158
0.003847	-0.000161	-0.000118	0.000199
0.003907	0.000063	0.000048	0.000079
0.003967	-0.000078	-0.000131	0.000152
0.004027	-0.000352	-0.000082	0.000361
0.004087	-0.000089	-0.000115	0.000145
0.004147	0.000015	-0.000313	0.000314
0.004207	0.000010	-0.000430	0.000430
0.004267	-0.000053	0.000076	0.000093
0.004327	-0.000307	-0.000114	0.000327
0.004387	0.000113	-0.000383	0.000399
0.004447	-0.000059	-0.000418	0.000422
0.004507	0.000127	-0.000267	0.000296
0.004567	-0.000219	0.000006	0.000219
0.004627	-0.000236	-0.000062	0.000244
0.004687	0.000175	-0.000094	0.000199
0.004747	0.000120	0.000274	0.000299
0.004807	-0.000015	-0.000249	0.000250
0.004867	-0.000037	-0.000205	0.000208
0.004927	-0.000189	-0.000188	0.000267
0.004987	0.000339	-0.000114	0.000358
0.005047	-0.000216	-0.000230	0.000316
0.005107	0.000090	-0.000069	0.000114
0.005167	-0.000245	-0.000225	0.000333
0.005227	-0.000037	-0.000576	0.000577
0.005287	-0.000159	-0.000031	0.000162
0.005347	0.000237	-0.000128	0.000269
0.005407	0.000041	-0.000212	0.000216
0.005467	-0.000033	-0.000209	0.000212
0.005527	-0.000172	-0.000241	0.000296
0.005587	0.000203	-0.000136	0.000245
0.005647	0.000007	0.000131	0.000131
0.005707	-0.000026	-0.000058	0.000063
0.005767	-0.000398	0.000126	0.000417
0.005827	-0.000025	0.000018	0.000030
0.005887	-0.000068	-0.000075	0.000101
0.005947	-0.000215	-0.000152	0.000263
0.006007	-0.000024	0.000003	0.000024
0.006067	-0.000084	-0.000212	0.000228
0.006127	-0.000034	0.000261	0.000263
0.006187	0.000001	0.000147	0.000147
0.006247	-0.000256	-0.000218	0.000336
0.006307	-0.000096	0.000054	0.000110
0.006367	-0.000125	-0.000313	0.000337
0.006427	0.000002	0.000053	0.000053
0.006487	0.000115	-0.000200	0.000230
0.006547	0.000026	-0.000013	0.000029
0.006607	-0.000137	-0.000142	0.000198
0.006667	0.000270	0.000017	0.000271
0.006727	-0.000244	-0.000031	0.000246
0.006787	0.000079	-0.000107	0.000133
0.006847	0.000022	-0.000016	0.000027
0.006907	0.000038	-0.000126	0.000132
0.006967	-0.000285	-0.000182	0.000338
0.007027	-0.000085	0.000104	0.000134
0.007087	-0.000445	0.000110	0.000458
0.007147	-0.000038	-0.000063	0.000074
0.007207	-0.000194	-0.000191	0.000272
0.007267	0.000130	-0.000084	0.000155
0.007327	-0.000399	-0.000024	0.000400
0.007387	0.000112	-0.000245	0.000269
0.007447	-0.000144	0.000010	0.000145
0.007507	-0.000087	-0.000109	0.000139
0.007567	-0.000127	-0.000049	0.000136
0.007627	0.000048	-0.000113	0.000123
0.007687	0.000004	-0.000032	0.000032
0.007747	0.000042	-0.000232	0.000236
0.007807	-0.000053	-0.000257	0.000263
0.007867	-0.000017	-0.000248	0.000249
0.007927	0.000098	0.000061	0.000115
0.007987	0.000145	-0.000066	0.000160
0.008047	0.000125	-0.000001	0.000125
0.008107	-0.000428	-0.000037	0.000430
0.008167	0.000004	-0.000334	0.000334
0.008227	-0.000058	0.000022	0.000062
0.008287	-0.000159	-0.000111	0.000194
0.008347	0.000021	0.000082	0.000085
0.008407	0.000131	-0.000271	0.000301
0.008467	-0.000212	-0.000157	0.000264
0.008527	-0.000182	-0.000054	0.000190
0.008587	0.000140	0.000020	0.000142
0.008647	-0.000061	0.000136	0.000149
0.008707	-0.000173	-0.000047	0.000180
0.008767	-0.000152	-0.000063	0.000164
0.008827	-0.000142	-0.000177	0.000227
0.008887	-0.000060	-0.000046	0.000075
0.008947	-0.000257	-0.000288	0.000386
0.009007	0.000138	0.000014	0.000139
0.009067	-0.000015	-0.000015	0.000021
0.009127	-0.000012	-0.000146	0.000146
0.009187	0.000360	-0.000197	0.000410
0.009247	-0.000134	-0.000104	0.000169
0.009307	-0.000202	-0.000154	0.000254
0.009367	0.000090	-0.000156	0.000180
0.009427	0.000037	-0.000123	0.000128
0.009487	-0.000235	0.000225	0.000326
0.009547	-0.000104	0.000050	0.000115
0.009607	-0.000000	0.000067	0.000067
0.009667	-0.000187	0.000273	0.000331
0.009727	0.000060	0.000013	0.000061
0.009787	0.000022	0.000211	0.000213
0.009847	-0.000237	-0.000082	0.000250
0.009907	-0.000146	0.000134	0.000198
0.009967	0.000089	0.000089	0.000126
0.010027	0.000065	-0.000203	0.000213
0.010087	-0.000099	0.000002	0.000099
0.010147	-0.000273	-0.000133	0.000303
0.010207	-0.000084	-0.000024	0.000087
0.010267	0.000082	-0.000122	0.000147
0.010327	0.000103	-0.000266	0.000285
0.010387	-0.000127	-0.000116	0.000172
0.010447	0.000165	-0.000239	0.000290
0.010507	-0.000290	-0.000306	0.000422
0.010567	-0.000057	-0.000141	0.000152
0.010627	-0.000213	-0.000121	0.000245
0.010687	0.000193	-0.000170	0.000257
0.010747	-0.000054	-0.000145	0.000155
0.010807	-0.000171	-0.000046	0.000177
0.010867	0.000082	-0.000027	0.000087
0.010927	0.000146	-0.000295	0.000329
0.010987	0.000140	-0.000128	0.000190
0.011047	0.000007	-0.000557	0.000557
0.011107	-0.000142	-0.000100	0.000174
0.011167	0.000185	-0.000236	0.000300
0.011227	0.000037	-0.000273	0.000276
0.011287	-0.000125	-0.000120	0.000173
0.011347	0.000214	0.000296	0.000365
0.011407	0.000016	-0.000067	0.000069
0.011467	-0.000056	-0.000165	0.000174
0.011527	0.000034	-0.000034	0.000048
0.011587	-0.000088	-0.000488	0.000496
0.011647	-0.000118	-0.000091	0.000149
0.011707	-0.000066	0.000020	0.000069
0.011767	-0.000061	0.000290	0.000296
0.011827	-0.000041	-0.000063	0.000075
0.011887	-0.000369	-0.000022	0.000369
0.011947	-0.000143	-0.000042	0.000149
0.012007	-0.000105	-0.000211	0.000235
0.012067	0.000215	-0.000140	0.000257
0.012127	-0.000163	-0.000032	0.000166
0.012187	0.000046	-0.000365	0.000368
0.012247	-0.000011	0.000145	0.000146
0.012307	-0.000177	-0.000153	0.000234
0.012367	-0.000011	0.000157	0.000157
0.012427	0.000180	-0.000144	0.000230
0.012487	0.000009	-0.000376	0.000376
0.012547	-0.000028	-0.000131	0.000134
0.012607	0.000062	-0.000024	0.000066
0.012667	-0.000003	-0.000022	0.000022
0.012727	-0.000188	-0.000146	0.000238
0.012787	-0.000152	-0.000287	0.000325
0.012847	-0.000212	0.000135	0.000251
0.012907	-0.000219	0.000108	0.000244
0.012967	0.000123	0.000018	0.000125
0.013027	0.000053	0.000125	0.000136
0.013087	-0.000179	-0.000240	0.000300
0.013147	-0.000020	-0.000219	0.000220
0.013207	-0.000269	-0.000413	0.000492
0.013267	0.000151	-0.000099	0.000180
0.013327	-0.000101	-0.000006	0.000101
0.013387	0.000070	-0.000072	0.000100
0.013447	-0.000032	-0.000220	0.000222
0.013507	-0.000056	0.000207	0.000215
0.013567	-0.000016	-0.000250	0.000250
0.013627	-0.000119	-0.000209	0.000240
0.013687	-0.000158	-0.000093	0.000183
0.013747	0.000069	0.000091	0.000114
0.013807	0.000142	-0.000204	0.000249
0.013867	0.000087	-0.000237	0.000253
0.013927	-0.000050	0.000113	0.000123
0.013987	0.000088	0.000085	0.000122
0.014047	0.000160	0.000058	0.000170
0.014107	-0.000173	-0.000373	0.000411
0.014167	0.000051	-0.000014	0.000053
0.014227	-0.000075	-0.000167	0.000183
0.014287	0.000053	-0.000080	0.000096
0.014347	0.000080	0.000077	0.000111
0.014407	0.000059	-0.000324	0.000329
0.014467	-0.000075	-0.000070	0.000102
0.014527	-0.000276	-0.000194	0.000337
0.014587	-0.000140	0.000052	0.000150
0.014647	-0.000205	-0.000021	0.000206
0.014707	-0.000003	-0.000254	0.000254
0.014767	-0.000291	0.000159	0.000332
0.014827	-0.000080	-0.000056	0.000097
0.014887	-0.000209	-0.000235	0.000315
0.014947	-0.000095	-0.000053	0.000109
0.015007	0.000034	0.000126	0.000131
0.015067	0.000093	-0.000287	0.000301
0.015127	0.000202	-0.000202	0.000286
0.015187	-0.000168	-0.000140	0.000219
0.015247	-0.000062	-0.000173	0.000184
0.015307	0.000075	-0.000102	0.000126
0.015367	-0.000161	-0.000247	0.000295
0.015427	-0.000348	-0.000078	0.000356
0.015487	-0.000024	0.000074	0.000078
0.015547	0.000166	0.000107	0.000198
0.015607	-0.000003	-0.000073	0.000073
0.015667	0.000174	0.000057	0.000183
0.015727	0.000057	-0.000213	0.000220
0.015787	0.000144	-0.000015	0.000145
0.015847	0.000351	-0.000129	0.000374
0.015907	-0.000276	0.000203	0.000343
0.015967	0.000165	-0.000224	0.000278
0.016027	-0.000201	-0.000097	0.000223
0.016087	-0.000334	0.000015	0.000334
0.016147	0.000006	0.000073	0.000074
0.016207	0.000226	-0.000237	0.000327
0.016267	-0.000084	0.000098	0.000129
0.016327	0.000204	-0.000197	0.000284
0.016387	-0.000056	-0.000081	0.000098
0.016447	-0.000243	-0.000222	0.000330
0.016507	0.000278	-0.000064	0.000285
0.016567	-0.000014	0.000080	0.000081
0.016627	-0.000207	0.000218	0.000301
0.016687	-0.000008	-0.000030	0.000031
0.016747	-0.000354	0.000035	0.000356
0.016807	0.000053	-0.000031	0.000062
0.016867	-0.000086	-0.000034	0.000092
0.016927	0.000233	0.000023	0.000234
0.016987	0.000001	-0.000056	0.000056
0.017047	-0.000193	-0.000187	0.000268
0.017107	0.000121	0.000022	0.000123
0.017167	0.000043	-0.000320	0.000323
0.017227	-0.000281	-0.000117	0.000305
0.017287	0.000093	0.000125	0.000156
0.017347	0.000193	-0.000059	0.000202
0.017407	-0.000177	0.000012	0.000177
0.017467	0.000021	-0.000025	0.000033
0.017527	0.000082	0.000079	0.000114
0.017587	0.000040	0.000007	0.000040
0.017647	0.000083	-0.000239	0.000253
0.017707	0.000018	-0.000164	0.000165
0.017767	-0.000159	-0.000160	0.000225
0.017827	-0.000097	-0.000352	0.000365
0.017887	-0.000021	-0.000009	0.000023
0.017947	0.000073	0.000380	0.000387
0.018007	-0.000088	-0.000009	0.000089
0.018067	-0.000078	-0.000215	0.000229
0.018127	0.000009	-0.000042	0.000043
0.018187	0.000013	-0.000056	0.000058
0.018247	0.000016	-0.000255	0.000256
0.018307	0.000241	-0.000147	0.000282
0.018367	-0.000023	-0.000036	0.000042
0.018427	-0.000192	-0.000124	0.000229
0.018487	-0.000294	-0.000068	0.000301
0.018547	0.000069	0.000053	0.000087
0.018607	0.000085	-0.000116	0.000144
0.018667	-0.000210	0.000162	0.000266
0.018727	-0.000090	0.000095	0.000131
0.018787	0.000099	-0.000028	0.000103
0.018847	-0.000075	0.000069	0.000101
0.018907	0.000234	0.000028	0.000235
0.018967	-0.000239	-0.000005	0.000239
0.019027	-0.000195	-0.000112	0.000225
0.019087	0.000040	0.000128	0.000134
0.019147	-0.000025	-0.000341	0.000342
0.019207	-0.000106	-0.000016	0.000107
0.019267	0.000146	-0.000059	0.000157
0.019327	0.000164	-0.000255	0.000303
0.019387	-0.000015	0.000143	0.000144
0.019447	0.000290	0.000126	0.000316
0.019507	-0.000196	-0.000023	0.000197
0.019567	-0.000155	-0.000182	0.000239
0.019627	0.000057	0.000010	0.000058
0.019687	-0.000160	-0.000086	0.000182
0.019747	0.000208	0.000166	0.000266
0.019807	-0.000167	-0.000073	0.000182
0.019867	0.000023	0.000054	0.000059
0.019927	-0.000173	-0.000016	0.000173
0.019987	0.000007	-0.000017	0.000018
0.020047	0.000105	-0.000272	0.000291
0.020107	0.000109	-0.000206	0.000233
0.020167	-0.000000	-0.000044	0.000044
0.020227	0.000206	0.000077	0.000220
0.020287	0.000023	-0.000095	0.000098
0.020347	0.000017	-0.000103	0.000104
0.020407	0.000000	0.000069	0.000069
0.020467	0.000292	-0.000191	0.000349
0.020527	-0.000156	0.000122	0.000198
0.020587	-0.000003	-0.000051	0.000051
0.020647	-0.000262	0.000249	0.000362
0.020707	0.000111	0.000079	0.000136
0.020767	0.000140	-0.000016	0.000141
0.020827	-0.000154	0.000062	0.000166
0.020887	0.000017	-0.000074	0.000076
0.020947	0.000013	0.000184	0.000184
0.021007	-0.000062	-0.000093	0.000112
0.021067	0.000129	-0.000072	0.000148
0.021127	-0.000126	-0.000092	0.000155
0.021187	-0.000012	-0.000230	0.000231
0.021247	-0.000048	-0.000142	0.000150
0.021307	0.000122	-0.000048	0.000131
0.021367	0.000135	-0.000162	0.000211
0.021427	0.000075	0.000288	0.000297
0.021487	-0.000000	-0.000181	0.000181
0.021547	-0.000277	-0.000343	0.000441
0.021607	0.000108	-0.000150	0.000185
0.021667	-0.000023	-0.000045	0.000051
0.021727	0.000300	-0.000202	0.000362
0.021787	-0.000213	-0.000206	0.000296
0.021847	0.000045	-0.000159	0.000166
0.021907	-0.000282	-0.000078	0.000292
0.021967	0.000092	0.000022	0.000095
0.022027	0.000231	-0.000127	0.000264
0.022087	0.000115	-0.000232	0.000259
0.022147	-0.000104	-0.000354	0.000370
0.022207	-0.000061	-0.000089	0.000108
0.022267	-0.000110	-0.000052	0.000122
0.022327	0.000237	0.000013	0.000237
0.022387	0.000060	0.000126	0.000139
0.022447	-0.000041	0.000256	0.000259
0.022507	-0.000124	-0.000141	0.000188
0.022567	-0.000090	-0.000169	0.000192
0.022627	0.000118	-0.000283	0.000306
0.022687	-0.000069	-0.000163	0.000177
0.022747	-0.000464	0.000041	0.000466
0.022807	-0.000338	-0.000029	0.000339
0.022867	-0.000139	0.000019	0.000140
0.022927	0.000139	0.000181	0.000229
0.022987	-0.000024	-0.000228	0.000230
0.023047	-0.000264	0.000122	0.000291
0.023107	-0.000119	-0.000146	0.000189
0.023167	-0.000113	0.000007	0.000113
0.023227	-0.000001	-0.000109	0.000109
0.023287	0.000143	-0.000017	0.000144
0.023347	0.000063	-0.000191	0.000201
0.023407	0.000226	0.000088	0.000242
0.023467	0.000001	0.000061	0.000061
0.023527	0.000015	-0.000107	0.000108
0.023587	0.000008	0.000204	0.000204
0.023647	-0.000125	-0.000042	0.000132
0.023707	0.000120	-0.000034	0.000125
0.023767	0.000042	0.000054	0.000069
0.023827	0.000187	-0.000178	0.000258
0.023887	-0.000261	-0.000380	0.000461
0.023947	-0.000218	0.000235	0.000320
0.024007	0.000017	-0.000228	0.000229
0.024067	-0.000167	-0.000125	0.000209
0.024127	-0.000046	0.000054	0.000071
0.024187	0.000029	-0.000061	0.000068
0.024247	-0.000127	0.000168	0.000211
0.024307	-0.000297	-0.000041	0.000300
0.024367	-0.000246	-0.000151	0.000289
0.024427	0.000018	-0.000227	0.000228
0.024487	-0.000260	0.000035	0.000262
0.024547	-0.000041	-0.000121	0.000128
0.024607	0.000008	0.000168	0.000168
0.024667	-0.000069	-0.000167	0.000180
0.024727	-0.000089	-0.000228	0.000245
0.024787	0.000077	-0.000151	0.000170
0.024847	-0.000283	0.000117	0.000307
0.024907	0.000034	-0.000073	0.000081
0.024967	0.000269	0.000140	0.000303
0.025027	-0.000325	-0.000174	0.000369
0.025087	0.000030	-0.000107	0.000111
0.025147	-0.000120	-0.000049	0.000130
0.025207	-0.000120	-0.000269	0.000295
0.025267	0.000025	-0.000100	0.000103
0.025327	0.000066	-0.000090	0.000112
0.025387	0.000009	-0.000043	0.000044
0.025447	0.000094	-0.000154	0.000181
0.025507	0.000143	0.000131	0.000194
0.025567	-0.000088	-0.000200	0.000219
0.025627	-0.000209	-0.000048	0.000215
0.025687	-0.000020	-0.000139	0.000141
0.025747	-0.000093	0.000256	0.000273
0.025807	-0.000127	-0.000013	0.000128
0.025867	0.000149	-0.000082	0.000170
0.025927	-0.000178	-0.000064	0.000189
0.025987	0.000038	-0.000334	0.000337
0.026047	0.000085	-0.000039	0.000093
0.026107	-0.000164	-0.000006	0.000164
0.026167	-0.000071	-0.000169	0.000183
0.026227	-0.000280	-0.000103	0.000299
0.026287	-0.000024	-0.000245	0.000247
0.026347	0.000184	-0.000161	0.000244
0.026407	0.000060	0.000093	0.000111
0.026467	0.000135	0.000035	0.000139
0.026527	-0.000152	0.000079	0.000172
0.026587	-0.000046	-0.000073	0.000086
0.026647	0.000017	-0.000319	0.000319
0.026707	-0.000141	-0.000171	0.000221
0.026767	-0.000136	-0.000058	0.000148
0.026827	-0.000467	-0.000039	0.000469
0.026887	0.000134	0.000083	0.000158
0.026947	0.000093	0.000130	0.000160
0.027007	0.000115	-0.000093	0.000148
0.027067	0.000011	-0.000116	0.000117
0.027127	-0.000267	-0.000139	0.000301
0.027187	0.000183	-0.000268	0.000324
0.027247	0.000122	0.000000	0.000122
0.027307	-0.000027	0.000084	0.000088
0.027367	-0.000045	-0.000185	0.000190
0.027427	0.000059	-0.000041	0.000071
0.027487	0.000181	-0.000266	0.000322
0.027547	-0.000238	-0.000158	0.000286
0.027607	0.000017	-0.000150	0.000151
0.027667	0.000100	-0.000021	0.000102
0.027727	-0.000007	-0.000147	0.000147
0.027787	-0.000275	0.000077	0.000286
0.027847	-0.000087	0.000003	0.000087
0.027907	-0.000035	-0.000276	0.000278
0.027967	0.000143	-0.000139	0.000199
0.028027	0.000112	0.000105	0.000153
0.028087	-0.000054	-0.000081	0.000097
0.028147	0.000114	-0.000074	0.000136
0.028207	-0.000005	0.000187	0.000187
0.028267	-0.000211	0.000050	0.000217
0.028327	-0.000033	0.000238	0.000240
0.028387	0.000126	0.000028	0.000129
0.028447	0.000059	-0.000030	0.000067
0.028507	0.000241	-0.000232	0.000335
0.028567	0.000042	-0.000308	0.000311
0.028627	0.000048	-0.000133	0.000142
0.028687	-0.000185	-0.000200	0.000273
0.028747	0.000107	-0.000003	0.000107
0.028807	-0.000106	-0.000028	0.000109
0.028867	-0.000119	-0.000013	0.000120
0.028927	0.000345	-0.000121	0.000365
0.028987	-0.000011	0.000107	0.000108
0.029047	0.000153	0.000111	0.000189
0.029107	0.000104	-0.000296	0.000314
0.029167	0.000198	-0.000277	0.000340
0.029227	0.000149	0.000179	0.000232
0.029287	0.000027	0.000040	0.000048
0.029347	-0.000051	0.000010	0.000052
0.029407	0.000080	0.000176	0.000194
0.029467	-0.000211	0.000230	0.000312
0.029527	-0.000052	0.000177	0.000185
0.029587	-0.000025	-0.000228	0.000229
0.029647	-0.000017	-0.000017	0.000023
0.029707	-0.000126	-0.000119	0.000173
0.029767	-0.000092	-0.000024	0.000095
0.029827	-0.000040	-0.000068	0.000079
0.029887	0.000280	-0.000187	0.000336
0.029947	0.000020	-0.000085	0.000088
0.030007	-0.000262	-0.000033	0.000264
0.030067	0.000048	-0.000168	0.000175
0.030127	-0.000145	-0.000071	0.000161
0.030187	0.000004	0.000172	0.000172
0.030247	0.000097	-0.000211	0.000232
0.030307	-0.000034	-0.000247	0.000249
0.030367	-0.000244	-0.000071	0.000254
0.030427	-0.000045	0.000154	0.000161
0.030487	-0.000552	0.000008	0.000552
0.030547	0.000017	-0.000013	0.000022
0.030607	-0.000294	0.000153	0.000331
0.030667	0.000205	0.000030	0.000207
0.030727	-0.000163	0.000048	0.000170
0.030787	-0.000075	-0.000040	0.000085
0.030847	0.000124	0.000017	0.000125
0.030907	-0.000015	-0.000250	0.000251
0.030967	0.000141	-0.000049	0.000149
0.031027	-0.000117	0.000003	0.000117
0.031087	0.000115	0.000016	0.000116
0.031147	-0.000148	-0.000171	0.000226
0.031207	-0.000167	0.000252	0.000302
0.031267	0.000310	-0.000048	0.000314
0.031327	0.000026	-0.000265	0.000266
0.031387	0.000066	-0.000308	0.000315
0.031447	-0.000140	0.000000	0.000140
0.031507	0.000013	0.000004	0.000014
0.031567	0.000055	0.000001	0.000055
0.031627	-0.000016	-0.000133	0.000134
0.031687	-0.000011	-0.000145	0.000146
0.031747	-0.000111	-0.000088	0.000142
0.031807	-0.000245	0.000108	0.000268
0.031867	0.000029	0.000097	0.000101
0.031927	-0.000161	0.000253	0.000300
0.031987	0.000063	-0.000117	0.000133
0.032047	-0.000277	-0.000125	0.000304
0.032107	0.000081	-0.000322	0.000332
0.032167	-0.000361	-0.000114	0.000379
0.032227	0.000193	-0.000122	0.000228
0.032287	-0.000025	0.000215	0.000217
0.032347	0.000125	-0.000132	0.000182
0.032407	-0.000049	-0.000275	0.000279
0.032467	-0.000182	-0.000422	0.000460
0.032527	-0.000143	0.000067	0.000158
0.032587	0.000011	0.000130	0.000130
0.032647	-0.000189	-0.000088	0.000209
0.032707	0.000009	-0.000029	0.000030
0.032767	0.000214	0.000079	0.000228
0.032827	0.000147	-0.000116	0.000187
0.032887	-0.000065	-0.000009	0.000065
0.032947	0.000120	0.000071	0.000140
0.033007	-0.000003	-0.000085	0.000085
0.033067	-0.000100	-0.000194	0.000218
0.033127	-0.000071	-0.000039	0.000081
0.033187	0.000126	-0.000119	0.000173
0.033247	-0.000124	-0.000125	0.000177
0.033307	0.000162	-0.000092	0.000186
0.033367	-0.000022	-0.000202	0.000203
0.033427	-0.000077	-0.000158	0.000176
0.033487	-0.000002	-0.000342	0.000342
0.033547	-0.000175	-0.000123	0.000213
0.033607	-0.000174	-0.000107	0.000205
0.033667	-0.000013	-0.000128	0.000129
0.033727	-0.000125	0.000220	0.000252
0.033787	0.000016	-0.000186	0.000186
0.033847	-0.000015	-0.000257	0.000258
0.033907	-0.000078	-0.000162	0.000180
0.033967	-0.000227	-0.000090	0.000245
0.034027	0.000344	-0.000027	0.000345
0.034087	0.000287	0.000070	0.000296
0.034147	0.000128	-0.000079	0.000150
0.034207	-0.000071	-0.000009	0.000072
0.034267	-0.000081	0.000033	0.000087
0.034327	0.000053	-0.000276	0.000281
0.034387	-0.000065	-0.000370	0.000376
0.034447	0.000096	0.000177	0.000202
0.034507	-0.000099	-0.000284	0.000301
0.034567	0.000144	-0.000003	0.000144
0.034627	0.000137	-0.000153	0.000205
0.034687	-0.000037	0.000018	0.000041
0.034747	-0.000156	-0.000061	0.000167
0.034807	-0.000050	-0.000274	0.000279
0.034867	0.000122	-0.000154	0.000197
0.034927	-0.000099	-0.000379	0.000392
0.034987	0.000128	0.000160	0.000205
0.035047	-0.000131	0.000177	0.000220
0.035107	-0.000226	-0.000257	0.000342
0.035167	-0.000121	-0.000051	0.000132
0.035227	-0.000404	0.000007	0.000404
0.035287	-0.000023	-0.000134	0.000136
0.035347	-0.000049	0.000017	0.000052
0.035407	0.000084	-0.000105	0.000135
0.035467	0.000166	0.000236	0.000288
0.035527	-0.000053	0.000033	0.000062
0.035587	0.000013	0.000004	0.000014
0.035647	0.000292	0.000075	0.000302
0.035707	-0.000120	-0.000119	0.000169
0.035767	-0.000236	-0.000107	0.000260
0.035827	0.000236	-0.000101	0.000257
0.035887	-0.000039	-0.000039	0.000055
0.035947	0.000109	-0.000076	0.000133
0.036007	0.000023	0.000103	0.000105
0.036067	0.000143	0.000021	0.000145
0.036127	-0.000082	0.000003	0.000082
0.036187	0.000276	-0.000038	0.000278
0.036247	-0.000129	-0.000103	0.000165
0.036307	-0.000087	-0.000155	0.000178
0.036367	-0.000139	-0.000017	0.000140
0.036427	0.000050	-0.000065	0.000082
0.036487	-0.000076	-0.000136	0.000156
0.036547	0.000007	-0.000042	0.000043
0.036607	-0.000303	-0.000037	0.000305
0.036667	0.000063	0.000259	0.000266
0.036727	0.000251	-0.000046	0.000255
0.036787	-0.000213	0.000012	0.000213
0.036847	-0.000304	-0.000152	0.000339
0.036907	-0.000217	0.000002	0.000217
0.036967	-0.000230	-0.000150	0.000274
0.037027	-0.000064	-0.000109	0.000126
0.037087	0.000115	-0.000112	0.000161
0.037147	0.000036	0.000030	0.000047
0.037207	-0.000087	0.000032	0.000093
0.037267	-0.000162	-0.000031	0.000165
0.037327	-0.000026	-0.000094	0.000097
0.037387	0.000017	0.000055	0.000058
0.037447	0.000137	-0.000268	0.000301
0.037507	-0.000183	-0.000007	0.000183
0.037567	0.000005	-0.000004	0.000006
0.037627	0.000226	-0.000137	0.000265
0.037687	-0.000088	-0.000003	0.000088
0.037747	0.000058	0.000047	0.000075
0.037807	-0.000138	-0.000171	0.000220
0.037867	0.000044	-0.000080	0.000091
0.037927	0.000244	0.000136	0.000279
0.037987	0.000104	-0.000123	0.000161
0.038047	0.000069	-0.000065	0.000095
0.038107	0.000117	-0.000146	0.000188
0.038167	-0.000061	-0.000428	0.000432
0.038227	-0.000098	0.000202	0.000224
0.038287	-0.000014	-0.000106	0.000107
0.038347	-0.000225	-0.000061	0.000233
0.038407	-0.000100	0.000157	0.000186
0.038467	-0.000042	0.000001	0.000043
0.038527	-0.000255	-0.000128	0.000285
0.038587	0.000095	0.000038	0.000103
0.038647	-0.000234	-0.000210	0.000315
0.038707	-0.000032	0.000004	0.000033
0.038767	0.000226	0.000044	0.000230
0.038827	-0.000201	-0.000140	0.000245
0.038887	-0.000120	-0.000154	0.000195
0.038947	-0.000229	-0.000140	0.000269
0.039007	-0.000234	-0.000170	0.000289
0.039067	-0.000040	0.000147	0.000152
0.039127	-0.000214	0.000008	0.000214
0.039187	0.000256	-0.000257	0.000363
0.039247	-0.000000	-0.000165	0.000165
0.039307	-0.000046	-0.000122	0.000130
0.039367	0.000272	0.000098	0.000289
0.039427	-0.000027	-0.000178	0.000180
0.039487	-0.000098	-0.000242	0.000261
0.039547	-0.000155	0.000100	0.000185
0.039607	0.000127	-0.000036	0.000132
0.039667	0.000031	0.000243	0.000245
0.039727	0.000204	-0.000218	0.000298
0.039787	0.000216	0.000038	0.000219
0.039847	0.000011	-0.000056	0.000057
0.039907	-0.000054	0.000070	0.000089
0.039967	0.000112	-0.000054	0.000124
0.040027	0.000014	0.000165	0.000166
0.040087	0.000030	0.000028	0.000041
0.040147	0.000091	-0.000041	0.000100
0.040207	0.000165	-0.000138	0.000215
0.040267	-0.000135	0.000012	0.000135
0.040327	-0.000021	-0.000294	0.000295
0.040387	-0.000125	0.000061	0.000139
0.040447	-0.000100	0.000099	0.000141
0.040507	0.000114	-0.000364	0.000382
0.040567	0.000174	-0.000006	0.000174
0.040627	0.000161	0.000043	0.000167
0.040687	-0.000031	-0.000159	0.000162
0.040747	-0.000066	-0.000153	0.000166
0.040807	-0.000046	-0.000333	0.000336
0.040867	0.000018	0.000100	0.000101
0.040927	-0.000054	0.000050	0.000074
0.040987	-0.000077	0.000147	0.000166
0.041047	-0.000450	0.000003	0.000450
0.041107	-0.000175	-0.000225	0.000285
0.041167	0.000216	-0.000080	0.000230
0.041227	-0.000048	-0.000044	0.000065
0.041287	-0.000180	0.000048	0.000187
0.041347	-0.000448	-0.000172	0.000480
0.041407	0.000127	-0.000083	0.000152
0.041467	0.000014	0.000134	0.000134
0.041527	-0.000009	-0.000034	0.000035
0.041587	-0.000057	-0.000059	0.000082
0.041647	0.000168	-0.000049	0.000175
0.041707	-0.000166	-0.000155	0.000227
0.041767	0.000043	-0.000109	0.000118
0.041827	0.000099	0.000055	0.000113
0.041887	0.000141	-0.000043	0.000148
0.041947	-0.000196	-0.000022	0.000197
0.042007	-0.000007	-0.000141	0.000141
0.042067	0.000176	-0.000092	0.000198
0.042127	-0.000050	0.000125	0.000135
0.042187	0.000162	0.000007	0.000162
0.042247	0.000001	-0.000170	0.000170
0.042307	-0.000086	-0.000006	0.000086
0.042367	-0.000084	-0.000040	0.000093
0.042427	-0.000083	0.000001	0.000083
0.042487	-0.000165	-0.000140	0.000217
0.042547	0.000074	-0.000058	0.000094
0.042607	-0.000010	0.000290	0.000290
0.042667	-0.000033	-0.000221	0.000223
0.042727	-0.000088	-0.000108	0.000139
0.042787	-0.000201	0.000067	0.000212
0.042847	-0.000212	0.000099	0.000234
0.042907	0.000048	-0.000010	0.000049
0.042967	0.000047	0.000214	0.000219
0.043027	0.000066	0.000020	0.000069
0.043087	-0.000154	0.000132	0.000203
0.043147	0.000094	-0.000025	0.000097
0.043207	-0.000064	-0.000253	0.000261
0.043267	-0.000272	-0.000075	0.000282
0.043327	-0.000151	-0.000430	0.000455
0.043387	-0.000093	0.000064	0.000113
0.043447	-0.000091	-0.000271	0.000286
0.043507	-0.000060	-0.000226	0.000234
0.043567	-0.000195	-0.000082	0.000211
0.043627	-0.000002	-0.000119	0.000119
0.043687	-0.000025	-0.000284	0.000285
0.043747	-0.000159	-0.000184	0.000243
0.043807	0.000068	0.000088	0.000111
0.043867	-0.000039	-0.000076	0.000086
0.043927	0.000156	0.000067	0.000169
0.043987	-0.000137	-0.000073	0.000155
0.044047	-0.000263	0.000012	0.000264
0.044107	0.000043	-0.000008	0.000043
0.044167	-0.000083	-0.000037	0.000091
0.044227	-0.000073	0.000044	0.000085
0.044287	-0.000103	0.000106	0.000148
0.044347	0.000207	0.000095	0.000228
0.044407	-0.000166	-0.000090	0.000189
0.044467	0.000024	-0.000453	0.000454
0.044527	0.000035	0.000067	0.000075
0.044587	-0.000085	-0.000115	0.000143
0.044647	-0.000088	-0.000122	0.000150
0.044707	0.000230	-0.000089	0.000247
0.044767	-0.000196	0.000098	0.000219
0.044827	-0.000080	0.000048	0.000094
0.044887	-0.000047	0.000156	0.000163
0.044947	-0.000043	-0.000160	0.000165
0.045007	-0.000033	0.000076	0.000083
0.045067	-0.000124	-0.000211	0.000245
0.045127	0.000166	0.000084	0.000186
0.045187	-0.000006	-0.000246	0.000246
0.045247	0.000101	0.000217	0.000239
0.045307	-0.000298	-0.000018	0.000298
0.045367	-0.000366	-0.000024	0.000367
0.045427	-0.000046	0.000134	0.000142
0.045487	-0.000169	-0.000047	0.000176
0.045547	-0.000102	0.000076	0.000127
0.045607	0.000018	-0.000476	0.000477
0.045667	0.000249	0.000067	0.000258
0.045727	-0.000147	-0.000087	0.000171
0.045787	0.000135	0.000052	0.000145
0.045847	-0.000026	-0.000016	0.000030
0.045907	-0.000047	0.000068	0.000082
0.045967	-0.000019	-0.000082	0.000084
0.046027	-0.000007	-0.000256	0.000256
0.046087	0.000007	-0.000042	0.000043
0.046147	-0.000348	-0.000096	0.000361
0.046207	-0.000060	-0.000246	0.000253
0.046267	0.000227	0.000035	0.000229
0.046327	-0.000114	-0.000053	0.000126
0.046387	0.000047	-0.000096	0.000107
0.046447	0.000011	-0.000036	0.000038
0.046507	-0.000033	-0.000092	0.000098
0.046567	-0.000096	0.000087	0.000130
0.046627	-0.000021	-0.000265	0.000266
0.046687	0.000018	0.000090	0.000092
0.046747	-0.000230	-0.000095	0.000249
0.046807	0.000058	-0.000074	0.000094
0.046867	0.000060	-0.000182	0.000192
0.046927	0.000051	0.000285	0.000290
0.046987	-0.000231	-0.000244	0.000336
0.047047	-0.000149	0.000055	0.000159
0.047107	-0.000101	-0.000323	0.000339
0.047167	-0.000015	-0.000163	0.000163
0.047227	-0.000297	-0.000257	0.000393
0.047287	0.000102	-0.000148	0.000180
0.047347	-0.000014	-0.000178	0.000178
0.047407	0.000039	-0.000119	0.000125
0.047467	-0.000077	-0.000076	0.000108
0.047527	-0.000241	-0.000208	0.000319
0.047587	-0.000203	0.000009	0.000203
0.047647	0.000085	-0.000054	0.000100
0.047707	0.000168	-0.000005	0.000168
0.047767	-0.000088	-0.000244	0.000259
0.047827	-0.000113	0.000015	0.000114
0.047887	-0.000276	-0.000203	0.000343
0.047947	-0.000086	-0.000042	0.000096
0.048007	-0.000042	0.000115	0.000123
0.048067	0.000168	0.000007	0.000168
0.048127	-0.000105	0.000177	0.000206
0.048187	0.000105	-0.000290	0.000309
0.048247	0.000273	0.000080	0.000284
0.048307	0.000385	0.000145	0.000412
0.048367	0.000015	-0.000114	0.000114
0.048427	-0.000278	-0.000113	0.000300
0.048487	0.000034	-0.000110	0.000115
0.048547	0.000076	0.000049	0.000090
0.048607	-0.000103	0.000185	0.000212
0.048667	0.000021	-0.000019	0.000028
0.048727	-0.000122	-0.000167	0.000207
0.048787	0.000005	-0.000242	0.000242
0.048847	0.000073	0.000014	0.000074
0.048907	-0.000137	0.000107	0.000173
0.048967	0.000135	-0.000123	0.000183
0.049027	-0.000290	0.000063	0.000297
0.049087	0.000010	-0.000064	0.000065
0.049147	0.000130	0.000147	0.000196
0.049207	0.000145	-0.000049	0.000153
0.049267	0.000038	-0.000063	0.000073
0.049327	-0.000293	-0.000053	0.000298
0.049387	-0.000265	-0.000001	0.000265
0.049447	-0.000283	0.000046	0.000286
0.049507	-0.000283	-0.000034	0.000285
0.049567	-0.000125	0.000142	0.000189
0.049627	-0.000218	-0.000308	0.000377
0.049687	0.000120	0.000136	0.000182
0.049747	-0.000103	0.000148	0.000180
0.049807	-0.000159	0.000218	0.000270
0.049867	-0.000056	0.000216	0.000223
0.049927	-0.000109	-0.000090	0.000141
0.049987	-0.000104	0.000130	0.000166
0.050047	0.000237	-0.000082	0.000250
0.050107	-0.000133	0.000029	0.000136
0.050167	-0.000006	0.000173	0.000173
0.050227	0.000228	0.000080	0.000241
0.050287	0.000098	0.000026	0.000102
0.050347	0.000050	0.000185	0.000192
0.050407	0.000020	0.000243	0.000244
0.050467	0.000059	0.000238	0.000245
0.050527	0.000178	-0.000079	0.000195
0.050587	0.000210	-0.000042	0.000214
0.050647	0.000133	0.000107	0.000171
0.050707	-0.000145	-0.000016	0.000146
0.050767	0.000045	0.000227	0.000231
0.050827	-0.000138	-0.000166	0.000216
0.050887	0.000118	0.000012	0.000119
0.050947	-0.000280	0.000023	0.000281
0.051007	-0.000373	-0.000173	0.000411
0.051067	-0.000006	0.000090	0.000090
0.051127	-0.000303	-0.000091	0.000317
0.051187	0.000020	0.000229	0.000230
0.051247	-0.000023	-0.000152	0.000154
0.051307	-0.000184	-0.000036	0.000188
0.051367	0.000078	-0.000053	0.000094
0.051427	0.000066	0.000032	0.000073
0.051487	-0.000265	0.000051	0.000270
0.051547	0.000152	0.000173	0.000230
0.051607	0.000025	-0.000134	0.000136
0.051667	0.000105	-0.000060	0.000121
0.051727	0.000015	-0.000253	0.000253
0.051787	-0.000074	-0.000099	0.000124
0.051847	0.000169	-0.000307	0.000350
0.051907	0.000045	-0.000329	0.000332
0.051967	-0.000021	-0.000156	0.000158
0.052027	-0.000106	-0.000145	0.000180
0.052087	0.000148	0.000205	0.000252
0.052147	-0.000166	0.000137	0.000215
0.052207	0.000262	-0.000129	0.000292
0.052267	-0.000177	-0.000250	0.000307
0.052327	-0.000182	0.000087	0.000202
0.052387	-0.000213	0.000065	0.000222
0.052447	0.000017	0.000053	0.000056
0.052507	-0.000213	-0.000295	0.000364
0.052567	-0.000073	0.000006	0.000074
0.052627	-0.000071	-0.000063	0.000095
0.052687	0.000197	-0.000010	0.000197
0.052747	-0.000096	0.000013	0.000097
0.052807	-0.000089	0.000079	0.000119
0.052867	-0.000119	0.000139	0.000183
0.052927	0.000007	-0.000039	0.000039
0.052987	-0.000162	-0.000102	0.000191
0.053047	-0.000117	0.000124	0.000171
0.053107	-0.000022	-0.000109	0.000111
0.053167	-0.000027	-0.000021	0.000034
0.053227	-0.000135	-0.000342	0.000368
0.053287	0.000024	-0.000178	0.000180
0.053347	-0.000239	-0.000103	0.000260
0.053407	0.000251	-0.000053	0.000256
0.053467	-0.000116	-0.000186	0.000220
0.053527	0.000101	-0.000366	0.000379
0.053587	-0.000221	-0.000040	0.000224
0.053647	-0.000296	0.000273	0.000403
0.053707	-0.000146	0.000057	0.000156
0.053767	0.000081	-0.000019	0.000083
0.053827	0.000103	0.000004	0.000104
0.053887	0.000013	0.000125	0.000126
0.053947	-0.000131	-0.000171	0.000216
0.054007	-0.000092	0.000097	0.000133
0.054067	0.000099	0.000001	0.000099
0.054127	0.000041	0.000184	0.000189
0.054187	0.000028	-0.000139	0.000141
0.054247	-0.000075	-0.000019	0.000077
0.054307	-0.000253	0.000153	0.000295
0.054367	-0.000150	0.000133	0.000200
0.054427	0.000081	0.000158	0.000178
0.054487	0.000032	-0.000156	0.000159
0.054547	0.000015	0.000039	0.000042
0.054607	-0.000181	-0.000090	0.000202
0.054667	0.000094	0.000372	0.000384
0.054727	-0.000168	-0.000008	0.000169
0.054787	0.000015	0.000288	0.000289
0.054847	-0.000104	-0.000203	0.000228
0.054907	0.000006	-0.000027	0.000028
0.054967	-0.000038	-0.000094	0.000101
0.055027	0.000011	-0.000177	0.000177
0.055087	-0.000046	-0.000179	0.000185
0.055147	0.000186	-0.000199	0.000273
0.055207	0.000123	-0.000132	0.000180
0.055267	-0.000122	-0.000024	0.000125
0.055327	0.000121	0.000008	0.000122
0.055387	-0.000037	0.000147	0.000152
0.055447	-0.000020	0.000017	0.000026
0.055507	0.000196	-0.000129	0.000235
0.055567	0.000139	0.000081	0.000160
0.055627	-0.000003	0.000363	0.000363
0.055687	0.000129	-0.000025	0.000132
0.055747	-0.000075	0.000072	0.000104
0.055807	-0.000076	-0.000052	0.000092
0.055867	-0.000147	-0.000081	0.000168
0.055927	-0.000037	-0.000060	0.000071
0.055987	0.000213	-0.000180	0.000279
0.056047	0.000142	-0.000151	0.000207
0.056107	0.000122	-0.000111	0.000165
0.056167	-0.000249	-0.000108	0.000271
0.056227	0.000000	0.000106	0.000106
0.056287	0.000189	-0.000095	0.000211
0.056347	0.000087	-0.000063	0.000108
0.056407	-0.000193	-0.000233	0.000303
0.056467	0.000011	-0.000453	0.000453
0.056527	-0.000093	0.000096	0.000134
0.056587	0.000054	-0.000048	0.000072
0.056647	0.000117	0.000061	0.000132
0.056707	-0.000289	0.000067	0.000296
0.056767	0.000029	0.000010	0.000030
0.056827	0.000119	0.000063	0.000135
0.056887	-0.000131	-0.000001	0.000131
0.056947	-0.000264	0.000224	0.000346
0.057007	-0.000115	0.000259	0.000283
0.057067	-0.000325	0.000002	0.000325
0.057127	-0.000168	0.000040	0.000172
0.057187	0.000019	0.000065	0.000068
0.057247	0.000182	-0.000049	0.000189
0.057307	-0.000183	-0.000233	0.000297
0.057367	-0.000247	0.000105	0.000268
0.057427	0.000054	-0.000134	0.000145
0.057487	-0.000152	-0.000190	0.000243
0.057547	-0.000059	0.000030	0.000066
0.057607	-0.000096	0.000014	0.000097
0.057667	-0.000259	-0.000280	0.000381
0.057727	0.000029	0.000005	0.000029
0.057787	-0.000215	-0.000004	0.000215
0.057847	0.000077	-0.000157	0.000175
0.057907	-0.000061	-0.000108	0.000124
0.057967	-0.000043	-0.000305	0.000308
0.058027	-0.000251	-0.000412	0.000483
0.058087	-0.000109	-0.000119	0.000161
0.058147	0.000274	0.000026	0.000275
0.058207	-0.000063	0.000149	0.000162
0.058267	-0.000030	-0.000099	0.000103
0.058327	0.000219	0.000202	0.000298
0.058387	-0.000134	-0.000342	0.000367
0.058447	0.000011	-0.000123	0.000124
0.058507	0.000298	-0.000139	0.000328
0.058567	-0.000122	0.000144	0.000189
0.058627	0.000047	0.000215	0.000220
0.058687	0.000074	-0.000137	0.000156
0.058747	-0.000044	-0.000011	0.000045
0.058807	0.000070	-0.000084	0.000109
0.058867	0.000004	-0.000075	0.000075
0.058927	0.000354	-0.000237	0.000426
0.058987	-0.000086	-0.000019	0.000088
0.059047	-0.000036	-0.000046	0.000059
0.059107	-0.000207	0.000008	0.000207
0.059167	0.000486	0.000369	0.000610
0.059227	0.000056	-0.000196	0.000204
0.059287	0.000016	0.000009	0.000019
0.059347	-0.000152	-0.000175	0.000232
0.059407	-0.000175	-0.000056	0.000184
0.059467	-0.000127	-0.000043	0.000134
0.059527	-0.000184	-0.000253	0.000313
0.059587	-0.000253	-0.000083	0.000266
0.059647	0.000121	-0.000124	0.000173
0.059707	0.000055	0.000034	0.000065
0.059767	-0.000162	-0.000111	0.000197
0.059827	0.000254	-0.000112	0.000277
0.059887	-0.000240	-0.000028	0.000241
0.059947	0.000196	0.000051	0.000202
0.060007	-0.000054	-0.000026	0.000060
0.060067	-0.000093	-0.000002	0.000093
0.060127	-0.000102	-0.000006	0.000102
0.060187	-0.000027	-0.000156	0.000159
0.060247	0.000165	-0.000053	0.000173
0.060307	-0.000204	0.000151	0.000254
0.060367	0.000031	0.000242	0.000244
0.060427	-0.000340	-0.000030	0.000341
0.060487	0.000008	-0.000055	0.000056
0.060547	-0.000077	-0.000065	0.000100
0.060607	-0.000021	-0.000092	0.000094
0.060667	0.000100	-0.000291	0.000307
0.060727	-0.000171	0.000264	0.000314
0.060787	0.000240	0.000152	0.000284
0.060847	-0.000215	-0.000044	0.000220
0.060907	0.000313	0.000060	0.000319
0.060967	-0.000159	0.000030	0.000162
0.061027	0.000135	-0.000184	0.000228
0.061087	-0.000074	-0.000067	0.000099
0.061147	-0.000038	0.000032	0.000049
0.061207	0.000180	-0.000063	0.000191
0.061267	0.000097	-0.000002	0.000097
0.061327	0.000063	-0.000015	0.000065
0.061387	-0.000058	-0.000142	0.000153
0.061447	-0.000111	-0.000016	0.000112
0.061507	0.000076	0.000004	0.000076
0.061567	-0.000058	0.000074	0.000094
0.061627	-0.000159	-0.000184	0.000243
0.061687	0.000201	-0.000181	0.000270
0.061747	-0.000183	0.000054	0.000191
0.061807	-0.000159	-0.000180	0.000240
0.061867	0.000040	-0.000017	0.000043
0.061927	-0.000079	0.000035	0.000086
0.061987	0.000167	0.000100	0.000195
0.062047	0.000010	0.000001	0.000011
0.062107	-0.000204	0.000009	0.000204
0.062167	-0.000242	-0.000201	0.000315
0.062227	0.000010	-0.000226	0.000227
0.062287	-0.000056	-0.000155	0.000165
0.062347	-0.000084	-0.000129	0.000154
0.062407	-0.000032	0.000141	0.000144
0.062467	0.000028	0.000119	0.000122
0.062527	-0.000119	-0.000231	0.000260
0.062587	0.000077	0.000093	0.000120
0.062647	0.000091	0.000208	0.000227
0.062707	-0.000031	-0.000116	0.000120
0.062767	0.000023	-0.000245	0.000246
0.062827	-0.000174	-0.000093	0.000197
0.062887	0.000052	0.000197	0.000203
0.062947	-0.000001	-0.000081	0.000081
0.063007	0.000092	-0.000119	0.000150
0.063067	0.000035	0.000001	0.000035
0.063127	-0.000305	0.000209	0.000370
0.063187	-0.000057	-0.000078	0.000097
0.063247	-0.000089	-0.000057	0.000106
0.063307	0.000117	0.000343	0.000362
0.063367	0.000111	-0.000084	0.000139
0.063427	0.000115	-0.000007	0.000115
0.063487	0.000020	-0.000092	0.000094
0.063547	-0.000128	-0.000326	0.000351
0.063607	-0.000062	-0.000034	0.000071
0.063667	0.000070	-0.000296	0.000304
0.063727	0.000014	-0.000080	0.000081
0.063787	0.000265	-0.000329	0.000422
0.063847	0.000038	0.000039	0.000054
0.063907	-0.000196	0.000160	0.000253
0.063967	-0.000048	-0.000095	0.000107
0.064027	0.000103	-0.000034	0.000109
0.064087	-0.000068	-0.000270	0.000279
0.064147	0.000034	0.000224	0.000227
0.064207	0.000076	0.000261	0.000272
0.064267	0.000197	0.000012	0.000197
0.064327	0.000368	0.000401	0.000544
0.064387	-0.000369	-0.000110	0.000385
0.064447	0.000128	0.000039	0.000134
0.064507	0.000088	-0.000177	0.000198
0.064567	-0.000402	0.000001	0.000402
0.064627	-0.000119	0.000013	0.000120
0.064687	0.000111	-0.000171	0.000204
0.064747	-0.000094	0.000016	0.000095
0.064807	0.000020	0.000202	0.000203
0.064867	0.000137	0.000024	0.000139
0.064927	0.000118	0.000004	0.000118
0.064987	-0.000106	0.000425	0.000438
0.065047	0.000074	-0.000239	0.000250
0.065107	0.000241	0.000100	0.000261
0.065167	-0.000005	0.000077	0.000077
0.065227	0.000046	0.000061	0.000077
0.065287	-0.000038	-0.000087	0.000095
0.065347	-0.000058	-0.000029	0.000065
0.065407	-0.000109	-0.000013	0.000109
0.065467	-0.000009	0.000202	0.000202
0.065527	0.000013	-0.000083	0.000084
0.065587	-0.000090	0.000075	0.000117
0.065647	0.000013	0.000041	0.000043
0.065707	0.000132	-0.000300	0.000328
0.065767	0.000112	-0.000124	0.000167
0.065827	0.000114	-0.000153	0.000190
0.065887	-0.000091	-0.000149	0.000174
0.065947	0.000096	0.000079	0.000124
0.066007	-0.000036	-0.000007	0.000037
0.066067	-0.000063	-0.000217	0.000226
0.066127	0.000164	-0.000100	0.000192
0.066187	-0.000109	-0.000275	0.000296
0.066247	0.000007	0.000037	0.000038
0.066307	0.000047	0.000162	0.000168
0.066367	0.000200	0.000117	0.000232
0.066427	-0.000094	-0.000058	0.000111
0.066487	-0.000028	-0.000174	0.000176
0.066547	-0.000176	-0.000158	0.000236
0.066607	0.000028	0.000229	0.000231
0.066667	-0.000173	-0.000159	0.000235
0.066727	0.000079	-0.000095	0.000123
0.066787	-0.000239	-0.000017	0.000240
0.066847	-0.000287	-0.000180	0.000338
0.066907	0.000153	0.000119	0.000194
0.066967	-0.000067	-0.000111	0.000130
0.067027	0.000082	-0.000074	0.000111
0.067087	0.000327	0.000150	0.000359
0.067147	-0.000386	-0.000157	0.000417
0.067207	0.000102	0.000181	0.000208
0.067267	0.000060	-0.000048	0.000077
0.067327	-0.000053	-0.000021	0.000057
0.067387	-0.000291	0.000027	0.000293
0.067447	0.000151	0.000047	0.000158
0.067507	0.000016	0.000231	0.000232
0.067567	0.000123	-0.000075	0.000144
0.067627	0.000276	0.000081	0.000288
0.067687	0.000323	-0.000242	0.000404
0.067747	-0.000132	0.000056	0.000144
0.067807	0.000176	-0.000343	0.000385
0.067867	0.000020	-0.000079	0.000081
0.067927	0.000050	-0.000129	0.000138
0.067987	-0.000265	0.000025	0.000267
0.068047	-0.000113	0.000157	0.000193
0.068107	0.000019	0.000144	0.000145
0.068167	0.000141	-0.000303	0.000334
0.068227	0.000103	0.000154	0.000185
0.068287	0.000017	0.000099	0.000101
0.068347	-0.000031	-0.000207	0.000209
0.068407	-0.000072	-0.000087	0.000113
0.068467	0.000173	-0.000066	0.000185
0.068527	0.000165	0.000130	0.000210
0.068587	0.000002	0.000065	0.000065
0.068647	0.000155	-0.000111	0.000191
0.068707	0.000158	-0.000113	0.000194
0.068767	0.000045	0.000014	0.000047
0.068827	-0.000297	0.000009	0.000297
0.068887	0.000080	0.000118	0.000143
0.068947	-0.000043	-0.000112	0.000120
0.069007	-0.000109	-0.000373	0.000389
0.069067	0.000183	-0.000138	0.000229
0.069127	0.000011	0.000022	0.000024
0.069187	-0.000047	0.000055	0.000072
0.069247	0.000016	-0.000003	0.000016
0.069307	0.000052	-0.000023	0.000057
0.069367	0.000114	0.000201	0.000231
0.069427	-0.000185	0.000100	0.000210
0.069487	0.000006	-0.000034	0.000034
0.069547	0.000062	-0.000106	0.000123
0.069607	0.000103	-0.000092	0.000138
0.069667	-0.000365	0.000211	0.000422
0.069727	0.000054	-0.000150	0.000159
0.069787	0.000150	0.000042	0.000156
0.069847	0.000075	0.000003	0.000075
0.069907	-0.000093	0.000120	0.000152
0.069967	0.000035	-0.000053	0.000063
0.070027	-0.000119	-0.000113	0.000164
0.070087	0.000108	0.000093	0.000143
0.070147	0.000039	0.000035	0.000053
0.070207	-0.000177	0.000074	0.000192
0.070267	0.000249	0.000087	0.000264
0.070327	0.000219	0.000113	0.000247
0.070387	-0.000082	-0.000180	0.000198
0.070447	-0.000177	0.000065	0.000188
0.070507	-0.000102	-0.000075	0.000127
0.070567	-0.000041	0.000014	0.000043
0.070627	-0.000052	0.000135	0.000144
0.070687	-0.000012	0.000076	0.000077
0.070747	-0.000036	0.000208	0.000211
0.070807	-0.000209	0.000138	0.000251
0.070867	-0.000224	-0.000109	0.000249
0.070927	-0.000230	-0.000008	0.000231
0.070987	-0.000086	-0.000009	0.000087
0.071047	-0.000358	-0.000099	0.000372
0.071107	-0.000141	0.000075	0.000159
0.071167	-0.000132	0.000134	0.000188
0.071227	-0.000115	0.000123	0.000168
0.071287	0.000046	0.000080	0.000093
0.071347	-0.000110	-0.000179	0.000210
0.071407	0.000070	0.000081	0.000107
0.071467	-0.000109	0.000138	0.000176
0.071527	0.000091	-0.000037	0.000099
0.071587	0.000014	-0.000185	0.000186
0.071647	-0.000185	0.000259	0.000318
0.071707	0.000005	-0.000089	0.000089
0.071767	0.000186	-0.000038	0.000189
0.071827	0.000016	-0.000003	0.000016
0.071887	-0.000199	0.000082	0.000215
0.071947	0.000284	-0.000204	0.000350
0.072007	-0.000359	0.000073	0.000366
0.072067	0.000089	0.000313	0.000326
0.072127	-0.000112	0.000237	0.000262
0.072187	0.000060	0.000022	0.000064
0.072247	-0.000320	-0.000210	0.000383
0.072307	-0.000013	-0.000030	0.000032
0.072367	0.000038	-0.000080	0.000088
0.072427	0.000050	-0.000136	0.000145
0.072487	-0.000140	0.000088	0.000165
0.072547	0.000172	-0.000163	0.000237
0.072607	0.000010	-0.000201	0.000201
0.072667	0.000078	0.000077	0.000110
0.072727	-0.000022	-0.000022	0.000031
0.072787	0.000017	0.000000	0.000017
0.072847	-0.000147	0.000049	0.000155
0.072907	0.000160	0.000025	0.000162
0.072967	0.000037	0.000139	0.000144
0.073027	0.000030	-0.000191	0.000194
0.073087	-0.000303	-0.000089	0.000316
0.073147	0.000096	0.000093	0.000134
0.073207	-0.000086	0.000070	0.000111
0.073267	-0.000006	-0.000182	0.000182
0.073327	-0.000091	0.000115	0.000147
0.073387	0.000146	-0.000167	0.000222
0.073447	0.000041	-0.000052	0.000066
0.073507	0.000010	-0.000034	0.000035
0.073567	-0.000056	0.000018	0.000059
0.073627	0.000119	-0.000113	0.000164
0.073687	0.000034	-0.000105	0.000110
0.073747	-0.000254	-0.000009	0.000254
0.073807	0.000153	-0.000210	0.000260
0.073867	-0.000018	-0.000217	0.000218
0.073927	0.000060	-0.000055	0.000081
0.073987	-0.000103	0.000085	0.000133
0.074047	0.000102	-0.000142	0.000175
0.074107	0.000037	-0.000231	0.000233
0.074167	0.000182	-0.000003	0.000182
0.074227	0.000063	-0.000195	0.000205
0.074287	-0.000242	-0.000028	0.000244
0.074347	-0.000004	-0.000087	0.000087
0.074407	0.000137	-0.000145	0.000199
0.074467	-0.000119	0.000004	0.000119
0.074527	-0.000143	-0.000105	0.000178
0.074587	-0.000100	-0.000040	0.000108
0.074647	-0.000191	-0.000289	0.000347
0.074707	-0.000269	0.000177	0.000322
0.074767	0.000002	-0.000126	0.000126
0.074827	-0.000073	-0.000112	0.000134
0.074887	-0.000059	-0.000047	0.000076
0.074947	0.000019	0.000022	0.000029
0.075007	0.000087	-0.000004	0.000087
0.075067	0.000070	0.000113	0.000133
0.075127	0.000143	0.000006	0.000143
0.075187	0.000461	-0.000199	0.000502
0.075247	0.000127	0.000016	0.000128
0.075307	-0.000034	-0.000027	0.000044
0.075367	0.000069	0.000092	0.000115
0.075427	0.000012	0.000252	0.000253
0.075487	0.000062	-0.000289	0.000295
0.075547	0.000108	-0.000064	0.000126
0.075607	-0.000138	-0.000116	0.000181
0.075667	-0.000050	0.000102	0.000114
0.075727	0.000174	0.000105	0.000203
0.075787	0.000008	-0.000208	0.000208
0.075847	-0.000060	-0.000091	0.000109
0.075907	-0.000051	-0.000031	0.000060
0.075967	0.000133	0.000074	0.000152
0.076027	0.000086	-0.000001	0.000086
0.076087	-0.000023	0.000242	0.000243
0.076147	-0.000160	0.000001	0.000160
0.076207	0.000142	-0.000370	0.000396
0.076267	0.000155	0.000169	0.000229
0.076327	-0.000023	-0.000150	0.000152
0.076387	-0.000088	0.000037	0.000096
0.076447	-0.000113	0.000097	0.000149
0.076507	-0.000029	-0.000145	0.000148
0.076567	-0.000249	0.000055	0.000255
0.076627	0.000100	-0.000238	0.000258
0.076687	0.000090	0.000027	0.000094
0.076747	-0.000227	-0.000203	0.000305
0.076807	-0.000070	-0.000058	0.000091
0.076867	-0.000185	0.000096	0.000208
0.076927	-0.000239	0.000112	0.000264
0.076987	-0.000117	-0.000142	0.000184
0.077047	0.000101	-0.000322	0.000337
0.077107	0.000083	0.000002	0.000083
0.077167	0.000012	-0.000280	0.000280
0.077227	-0.000194	0.000166	0.000255
0.077287	-0.000247	0.000109	0.000269
0.077347	0.000061	0.000148	0.000160
0.077407	0.000087	0.000250	0.000265
0.077467	0.000375	-0.000187	0.000419
0.077527	-0.000033	-0.000293	0.000295
0.077587	0.000088	0.000086	0.000123
0.077647	-0.000204	0.000148	0.000252
0.077707	-0.000115	0.000107	0.000157
0.077767	-0.000063	-0.000039	0.000074
0.077827	0.000114	-0.000021	0.000116
0.077887	-0.000138	0.000358	0.000384
0.077947	-0.000085	0.000313	0.000324
0.078007	-0.000190	0.000086	0.000208
0.078067	-0.000079	0.000010	0.000080
0.078127	-0.000039	0.000016	0.000042
0.078187	-0.000019	-0.000275	0.000276
0.078247	-0.000317	-0.000145	0.000349
0.078307	-0.000124	-0.000008	0.000124
0.078367	0.000145	0.000064	0.000158
0.078427	0.000098	0.000039	0.000106
0.078487	-0.000187	0.000284	0.000340
0.078547	0.000129	0.000203	0.000241
0.078607	-0.000097	0.000180	0.000204
0.078667	-0.000145	-0.000059	0.000157
0.078727	0.000126	-0.000116	0.000172
0.078787	0.000154	-0.000107	0.000188
0.078847	-0.000033	-0.000148	0.000152
0.078907	0.000216	-0.000111	0.000243
0.078967	-0.000048	-0.000158	0.000165
0.079027	0.000134	0.000044	0.000141
0.079087	-0.000200	-0.000142	0.000245
0.079147	-0.000045	-0.000282	0.000286
0.079207	-0.000169	0.000130	0.000214
0.079267	-0.000112	-0.000048	0.000122
0.079327	-0.000050	0.000006	0.000050
0.079387	0.000097	-0.000212	0.000233
0.079447	-0.000109	0.000079	0.000134
0.079507	0.000007	-0.000088	0.000089
0.079567	-0.000033	-0.000096	0.000101
0.079627	-0.000196	0.000079	0.000212
0.079687	-0.000077	-0.000023	0.000081
0.079747	-0.000121	0.000077	0.000143
0.079807	-0.000035	0.000234	0.000237
0.079867	0.000068	-0.000076	0.000102
0.079927	-0.000175	0.000010	0.000175
0.079987	-0.000298	-0.000059	0.000304
0.080047	0.000141	-0.000062	0.000154
0.080107	0.000269	-0.000070	0.000278
0.080167	-0.000109	-0.000252	0.000275
0.080227	-0.000057	0.000004	0.000057
0.080287	0.000236	0.000050	0.000241
0.080347	-0.000157	-0.000260	0.000303
0.080407	-0.000125	0.000005	0.000125
0.080467	0.000138	-0.000159	0.000210
0.080527	-0.000028	0.000011	0.000030
0.080587	0.000077	0.000005	0.000077
0.080647	-0.000136	-0.000071	0.000154
0.080707	0.000094	-0.000127	0.000158
0.080767	-0.000123	0.000021	0.000125
0.080827	0.000044	-0.000026	0.000051
0.080887	-0.000082	-0.000190	0.000207
0.080947	-0.000231	-0.000013	0.000231
0.081007	0.000226	-0.000133	0.000262
0.081067	0.000027	-0.000007	0.000028
0.081127	-0.000318	-0.000159	0.000356
0.081187	-0.000067	-0.000134	0.000150
0.081247	-0.000261	-0.000284	0.000385
0.081307	-0.000072	-0.000031	0.000078
0.081367	-0.000145	-0.000000	0.000145
0.081427	0.000073	-0.000264	0.000274
0.081487	-0.000027	-0.000025	0.000037
0.081547	0.000108	0.000004	0.000109
0.081607	-0.000068	-0.000172	0.000185
0.081667	0.000128	0.000123	0.000178
0.081727	0.000266	0.000047	0.000270
0.081787	-0.000157	0.000262	0.000305
0.081847	-0.000199	-0.000043	0.000204
0.081907	0.000144	-0.000199	0.000246
0.081967	0.000106	-0.000072	0.000128
0.082027	0.000100	0.000075	0.000125
0.082087	0.000077	-0.000121	0.000144
0.082147	-0.000135	0.000166	0.000214
0.082207	-0.000077	0.000032	0.000084
0.082267	0.000129	-0.000214	0.000250
0.082327	-0.000129	-0.000269	0.000298
0.082387	0.000145	0.000167	0.000221
0.082447	-0.000106	0.000256	0.000277
0.082507	0.000364	-0.000168	0.000401
0.082567	-0.000172	-0.000087	0.000193
0.082627	-0.000281	-0.000095	0.000297
0.082687	0.000117	-0.000114	0.000163
0.082747	0.000020	0.000150	0.000151
0.082807	-0.000062	0.000004	0.000062
0.082867	0.000135	0.000020	0.000137
0.082927	-0.000009	-0.000022	0.000024
0.082987	-0.000105	-0.000001	0.000105
0.083047	0.000376	-0.000058	0.000380
0.083107	-0.000018	0.000005	0.000019
0.083167	0.000017	-0.000115	0.000116
0.083227	0.000113	-0.000103	0.000153
0.083287	0.000116	-0.000062	0.000131
0.083347	-0.000194	-0.000266	0.000330
0.083407	-0.000214	-0.000076	0.000227
0.083467	-0.000075	-0.000063	0.000098
0.083527	-0.000045	0.000204	0.000209
0.083587	-0.000165	-0.000205	0.000264
0.083647	-0.000071	-0.000063	0.000095
0.083707	-0.000138	-0.000004	0.000138
0.083767	-0.000236	-0.000021	0.000237
0.083827	-0.000131	-0.000147	0.000197
0.083887	0.000144	-0.000070	0.000160
0.083947	-0.000193	-0.000175	0.000261
0.084007	0.000136	0.000020	0.000138
0.084067	0.000344	-0.000213	0.000405
0.084127	-0.000205	-0.000019	0.000206
0.084187	0.000003	0.000222	0.000222
0.084247	0.000082	-0.000084	0.000118
0.084307	-0.000363	-0.000261	0.000447
0.084367	-0.000310	0.000140	0.000340
0.084427	-0.000228	-0.000089	0.000245
0.084487	-0.000076	-0.000070	0.000103
0.084547	-0.000178	0.000104	0.000206
0.084607	-0.000475	-0.000118	0.000490
0.084667	-0.000083	0.000031	0.000089
0.084727	-0.000146	0.000025	0.000148
0.084787	-0.000073	0.000126	0.000145
0.084847	-0.000006	-0.000210	0.000210
0.084907	-0.000167	0.000067	0.000180
0.084967	0.000455	-0.000008	0.000455
0.085027	0.000089	0.000175	0.000196
0.085087	-0.000173	0.000154	0.000232
0.085147	-0.000255	0.000267	0.000369
0.085207	0.000049	-0.000147	0.000155
0.085267	-0.000041	0.000222	0.000225
0.085327	-0.000101	-0.000109	0.000148
0.085387	0.000076	0.000068	0.000101
0.085447	-0.000116	0.000028	0.000120
0.085507	0.000296	-0.000232	0.000376
0.085567	0.000297	-0.000203	0.000360
0.085627	-0.000275	0.000024	0.000276
0.085687	-0.000106	-0.000052	0.000118
0.085747	0.000019	-0.000230	0.000231
0.085807	0.000265	-0.000059	0.000271
0.085867	-0.000041	-0.000267	0.000270
0.085927	-0.000004	-0.000130	0.000130
0.085987	-0.000252	0.000136	0.000286
0.086047	0.000053	-0.000156	0.000165
0.086107	0.000340	0.000065	0.000346
0.086167	-0.000012	-0.000139	0.000140
0.086227	0.000120	-0.000061	0.000135
0.086287	-0.000080	-0.000367	0.000376
0.086347	0.000235	-0.000000	0.000235
0.086407	0.000081	0.000137	0.000159
0.086467	-0.000166	0.000140	0.000217
0.086527	-0.000068	0.000160	0.000174
0.086587	-0.000030	-0.000021	0.000037
0.086647	-0.000026	0.000265	0.000266
0.086707	0.000114	-0.000091	0.000146
0.086767	0.000105	0.000107	0.000150
0.086827	-0.000203	0.000119	0.000236
0.086887	0.000220	0.000060	0.000228
0.086947	0.000073	0.000105	0.000128
0.087007	-0.000173	0.000074	0.000188
0.087067	-0.000045	-0.000329	0.000332
0.087127	-0.000140	-0.000100	0.000173
0.087187	-0.000035	-0.000036	0.000050
0.087247	-0.000082	0.000018	0.000084
0.087307	0.000280	-0.000026	0.000281
0.087367	-0.000180	-0.000022	0.000182
0.087427	-0.000150	0.000027	0.000152
0.087487	0.000035	0.000240	0.000243
0.087547	0.000081	0.000190	0.000207
0.087607	0.000406	-0.000168	0.000439
0.087667	-0.000314	-0.000066	0.000320
0.087727	0.000015	-0.000020	0.000025
0.087787	-0.000146	0.000197	0.000245
0.087847	-0.000067	-0.000349	0.000355
0.087907	-0.000057	0.000185	0.000194
0.087967	0.000311	-0.000183	0.000361
0.088027	-0.000011	0.000308	0.000308
0.088087	-0.000033	-0.000033	0.000047
0.088147	-0.000030	0.000014	0.000033
0.088207	-0.000022	0.000076	0.000079
0.088267	-0.000231	-0.000082	0.000246
0.088327	-0.000203	0.000031	0.000205
0.088387	-0.000076	-0.000072	0.000105
0.088447	0.000055	-0.000009	0.000055
0.088507	-0.000048	0.000028	0.000056
0.088567	-0.000072	0.000098	0.000122
0.088627	-0.000077	0.000061	0.000098
0.088687	-0.000018	0.000163	0.000164
0.088747	-0.000227	-0.000200	0.000302
0.088807	0.000007	-0.000280	0.000280
0.088867	-0.000039	0.000082	0.000090
0.088927	-0.000006	0.000080	0.000081
0.088987	-0.000195	0.000016	0.000196
0.089047	-0.000025	0.000019	0.000032
0.089107	0.000073	-0.000303	0.000312
0.089167	-0.000115	-0.000066	0.000132
0.089227	0.000094	-0.000062	0.000112
0.089287	0.000089	0.000049	0.000102
0.089347	-0.000194	-0.000085	0.000212
0.089407	-0.000181	0.000051	0.000188
0.089467	-0.000339	0.000108	0.000355
0.089527	-0.000030	-0.000040	0.000050
0.089587	-0.000090	-0.000139	0.000166
0.089647	0.000324	-0.000154	0.000359
0.089707	-0.000162	0.000112	0.000197
0.089767	0.000023	0.000170	0.000171
0.089827	0.000060	-0.000058	0.000083
0.089887	-0.000010	0.000233	0.000234
0.089947	0.000128	-0.000213	0.000248
0.090007	-0.000100	-0.000267	0.000285
0.090067	-0.000292	-0.000051	0.000297
0.090127	0.000155	-0.000179	0.000236
0.090187	0.000025	-0.000168	0.000169
0.090247	-0.000116	-0.000200	0.000231
0.090307	0.000055	0.000016	0.000057
0.090367	-0.000200	-0.000126	0.000236
0.090427	0.000152	-0.000072	0.000168
0.090487	0.000169	-0.000188	0.000252
0.090547	-0.000037	-0.000008	0.000038
0.090607	-0.000157	-0.000213	0.000265
0.090667	-0.000205	-0.000004	0.000205
0.090727	-0.000039	-0.000173	0.000178
0.090787	-0.000034	0.000216	0.000219
0.090847	-0.000288	-0.000270	0.000394
0.090907	0.000085	-0.000300	0.000312
0.090967	-0.000003	-0.000027	0.000027
0.091027	-0.000044	-0.000276	0.000279
0.091087	0.000008	-0.000090	0.000090
0.091147	-0.000125	-0.000002	0.000125
0.091207	0.000180	0.000018	0.000181
0.091267	-0.000132	-0.000179	0.000222
0.091327	0.000136	0.000146	0.000200
0.091387	-0.000172	0.000065	0.000184
0.091447	-0.000036	-0.000010	0.000037
0.091507	-0.000035	-0.000051	0.000061
0.091567	-0.000039	0.000045	0.000060
0.091627	-0.000003	-0.000051	0.000052
0.091687	0.000124	0.000026	0.000127
0.091747	0.000076	0.000070	0.000103
0.091807	-0.000134	-0.000098	0.000166
0.091867	-0.000151	-0.000082	0.000172
0.091927	-0.000211	0.000084	0.000227
0.091987	-0.000180	-0.000201	0.000270
0.092047	0.000153	-0.000110	0.000188
0.092107	-0.000198	-0.000069	0.000209
0.092167	0.000128	-0.000034	0.000133
0.092227	0.000082	0.000193	0.000209
0.092287	0.000249	-0.000232	0.000340
0.092347	-0.000025	0.000006	0.000026
0.092407	-0.000199	-0.000246	0.000317
0.092467	-0.000202	0.000146	0.000249
0.092527	0.000008	0.000172	0.000172
0.092587	-0.000037	-0.000051	0.000063
0.092647	-0.000024	0.000101	0.000104
0.092707	-0.000010	-0.000121	0.000121
0.092767	-0.000156	-0.000250	0.000295
0.092827	0.000093	-0.000119	0.000151
0.092887	0.000038	-0.000192	0.000196
0.092947	0.000021	-0.000107	0.000109
0.093007	0.000212	-0.000286	0.000356
0.093067	-0.000050	0.000050	0.000071
0.093127	0.000095	-0.000050	0.000108
0.093187	-0.000047	0.000005	0.000047
0.093247	-0.000073	0.000336	0.000344
0.093307	-0.000046	0.000075	0.000088
0.093367	-0.000054	-0.000088	0.000103
0.093427	-0.000113	-0.000110	0.000158
0.093487	-0.000151	-0.000250	0.000293
0.093547	-0.000198	0.000069	0.000210
0.093607	0.000080	0.000091	0.000122
0.093667	0.000116	0.000095	0.000150
0.093727	-0.000020	0.000141	0.000142
0.093787	-0.000001	-0.000172	0.000172
0.093847	-0.000138	-0.000207	0.000249
0.093907	0.000147	0.000117	0.000188
0.093967	0.000100	-0.000081	0.000129
0.094027	0.000103	-0.000112	0.000152
0.094087	0.000194	-0.000057	0.000202
0.094147	-0.000295	0.000224	0.000371
0.094207	-0.000010	0.000110	0.000110
0.094267	0.000312	-0.000094	0.000326
0.094327	-0.000053	0.000106	0.000118
0.094387	0.000116	-0.000122	0.000169
0.094447	-0.000074	-0.000029	0.000080
0.094507	0.000101	0.000191	0.000216
0.094567	0.000126	0.000147	0.000194
0.094627	0.000129	0.000133	0.000185
0.094687	-0.000193	-0.000127	0.000231
0.094747	0.000078	-0.000030	0.000084
0.094807	0.000314	-0.000054	0.000318
0.094867	-0.000164	0.000124	0.000206
0.094927	0.000381	0.000268	0.000466
0.094987	0.000221	-0.000232	0.000321
0.095047	0.000008	-0.000274	0.000274
0.095107	0.000320	-0.000225	0.000391
0.095167	0.000044	-0.000117	0.000124
0.095227	0.000060	0.000183	0.000193
0.095287	-0.000226	0.000113	0.000253
0.095347	0.000334	-0.000272	0.000431
0.095407	0.000007	0.000011	0.000013
0.095467	-0.000210	-0.000064	0.000220
0.095527	0.000134	0.000118	0.000179
0.095587	-0.000213	-0.000257	0.000334
0.095647	-0.000231	0.000023	0.000233
0.095707	0.000065	-0.000075	0.000099
0.095767	0.000052	0.000092	0.000106
0.095827	0.000233	0.000041	0.000237
0.095887	-0.000094	-0.000061	0.000112
0.095947	-0.000059	-0.000278	0.000284
0.096007	-0.000078	-0.000034	0.000085
0.096067	0.000059	0.000004	0.000059
0.096127	-0.000017	0.000204	0.000205
0.096187	-0.000120	0.000030	0.000124
0.096247	-0.000164	-0.000020	0.000166
0.096307	-0.000102	-0.000100	0.000143
0.096367	0.000053	0.000127	0.000138
0.096427	-0.000047	0.000097	0.000108
0.096487	0.000202	0.000226	0.000303
0.096547	0.000062	-0.000017	0.000065
0.096607	0.000211	-0.000142	0.000254
0.096667	0.000053	0.000193	0.000200
0.096727	0.000086	0.000029	0.000091
0.096787	-0.000290	-0.000009	0.000290
0.096847	-0.000190	0.000028	0.000192
0.096907	0.000079	0.000014	0.000080
0.096967	-0.000042	0.000086	0.000096
0.097027	0.000178	0.000091	0.000200
0.097087	-0.000144	-0.000506	0.000526
0.097147	-0.000034	-0.000258	0.000260
0.097207	0.000095	0.000200	0.000222
0.097267	-0.000220	-0.000131	0.000257
0.097327	0.000135	0.000185	0.000229
0.097387	0.000144	-0.000264	0.000301
0.097447	0.000074	0.000088	0.000115
0.097507	0.000152	0.000042	0.000158
0.097567	-0.000111	-0.000072	0.000132
0.097627	-0.000120	-0.000126	0.000173
0.097687	-0.000136	0.000145	0.000199
0.097747	0.000258	-0.000015	0.000258
0.097807	0.000170	0.000058	0.000180
0.097867	-0.000033	0.000073	0.000080
0.097927	-0.000041	-0.000073	0.000084
0.097987	-0.000070	0.000283	0.000292
0.098047	-0.000133	-0.000011	0.000133
0.098107	-0.000205	-0.000281	0.000347
0.098167	0.000362	0.000067	0.000368
0.098227	-0.000173	-0.000005	0.000173
0.098287	-0.000087	0.000024	0.000090
0.098347	0.000192	0.000032	0.000195
0.098407	0.000029	-0.000051	0.000058
0.098467	-0.000121	0.000055	0.000133
0.098527	0.000094	-0.000177	0.000200
0.098587	0.000223	0.000065	0.000232
0.098647	0.000062	0.000306	0.000312
0.098707	-0.000114	0.000067	0.000132
0.098767	0.000088	0.000115	0.000145
0.098827	0.000006	0.000076	0.000076
0.098887	0.000150	-0.000054	0.000159
0.098947	0.000024	-0.000192	0.000193
0.099007	-0.000340	0.000115	0.000360
0.099067	0.000196	0.000072	0.000209
0.099127	-0.000090	0.000079	0.000120
0.099187	0.000009	0.000124	0.000125
0.099247	0.000202	0.000030	0.000204
0.099307	-0.000290	0.000260	0.000390
0.099367	0.000115	-0.000091	0.000147
0.099427	-0.000193	-0.000060	0.000203
0.099487	-0.000003	0.000030	0.000031
0.099547	0.000053	-0.000321	0.000326
0.099607	0.000072	-0.000283	0.000292
0.099667	-0.000141	-0.000030	0.000144
0.099727	0.000015	0.000172	0.000173
0.099787	0.000229	-0.000197	0.000302
0.099847	0.000376	-0.000030	0.000377
0.099907	0.000066	-0.000179	0.000190
0.099967	-0.000040	0.000026	0.000048
0.100027	-0.000187	-0.000116	0.000220
0.100087	-0.000186	-0.000003	0.000186
0.100147	-0.000227	-0.000170	0.000283
0.100207	-0.000119	-0.000317	0.000339
0.100267	0.000176	0.000099	0.000202
0.100327	0.000067	-0.000033	0.000075
0.100387	-0.000033	0.000087	0.000093
0.100447	-0.000290	0.000134	0.000319
0.100507	-0.000075	-0.000106	0.000130
0.100567	-0.000099	-0.000038	0.000106
0.100627	-0.000013	0.000065	0.000067
0.100687	0.000177	0.000218	0.000281
0.100747	0.000047	0.000041	0.000063
0.100807	-0.000189	-0.000143	0.000237
0.100867	-0.000255	-0.000210	0.000330
0.100927	-0.000166	-0.000021	0.000167
0.100987	-0.000199	0.000044	0.000204
0.101047	-0.000013	0.000140	0.000141
0.101107	-0.000076	-0.000239	0.000251
0.101167	-0.000029	0.000015	0.000032
0.101227	-0.000108	0.000042	0.000116
0.101287	-0.000003	-0.000030	0.000030
0.101347	-0.000284	0.000056	0.000290
0.101407	0.000060	0.000186	0.000195
0.101467	0.000159	0.000201	0.000256
0.101527	-0.000166	0.000137	0.000215
0.101587	-0.000034	-0.000189	0.000192
0.101647	0.000243	0.000166	0.000294
0.101707	0.000057	0.000181	0.000190
0.101767	-0.000029	0.000011	0.000031
0.101827	-0.000241	0.000242	0.000341
0.101887	-0.000294	0.000067	0.000302
0.101947	-0.000178	0.000034	0.000181
0.102007	0.000119	0.000131	0.000177
0.102067	0.000404	-0.000100	0.000416
0.102127	-0.000215	-0.000238	0.000321
0.102187	0.000119	0.000049	0.000128
0.102247	-0.000154	0.000008	0.000154
0.102307	0.000188	0.000049	0.000194
0.102367	0.000162	-0.000152	0.000222
0.102427	0.000107	-0.000196	0.000223
0.102487	-0.000218	-0.000073	0.000229
0.102547	-0.000045	-0.000017	0.000048
0.102607	-0.000073	-0.000146	0.000164
0.102667	-0.000113	0.000016	0.000115
0.102727	-0.000280	-0.000063	0.000287
0.102787	-0.000371	-0.000092	0.000382
0.102847	-0.000029	-0.000151	0.000153
0.102907	-0.000041	0.000026	0.000048
0.102967	-0.000099	-0.000206	0.000229
0.103027	-0.000081	-0.000225	0.000239
0.103087	-0.000095	0.000152	0.000179
0.103147	-0.000019	-0.000331	0.000332
0.103207	-0.000012	0.000172	0.000172
0.103267	0.000074	-0.000072	0.000103
0.103327	-0.000255	-0.000108	0.000277
0.103387	-0.000079	0.000137	0.000158
0.103447	-0.000278	-0.000140	0.000311
0.103507	0.000205	0.000091	0.000224
0.103567	-0.000097	-0.000220	0.000240
0.103627	-0.000041	-0.000117	0.000124
0.103687	0.000039	0.000052	0.000065
0.103747	-0.000121	0.000000	0.000121
0.103807	-0.000063	-0.000156	0.000168
0.103867	0.000208	-0.000115	0.000237
0.103927	-0.000187	-0.000068	0.000199
0.103987	-0.000030	-0.000046	0.000055
0.104047	0.000185	-0.000058	0.000194
0.104107	-0.000107	-0.000026	0.000110
0.104167	0.000191	0.000088	0.000210
0.104227	0.000104	-0.000105	0.000148
0.104287	0.000069	0.000367	0.000373
0.104347	0.000082	-0.000085	0.000119
0.104407	-0.000148	-0.000249	0.000289
0.104467	0.000081	0.000171	0.000189
0.104527	0.000077	0.000363	0.000371
0.104587	0.000020	0.000119	0.000120
0.104647	-0.000073	-0.000114	0.000135
0.104707	0.000214	0.000037	0.000217
0.104767	0.000127	0.000101	0.000162
0.104827	-0.000169	-0.000170	0.000239
0.104887	-0.000126	0.000256	0.000285
0.104947	-0.000183	0.000068	0.000195
0.105007	0.000008	-0.000040	0.000041
0.105067	0.000292	-0.000173	0.000339
0.105127	0.000195	0.000099	0.000219
0.105187	-0.000067	0.000027	0.000072
0.105247	0.000086	-0.000079	0.000116
0.105307	0.000095	0.000005	0.000095
0.105367	0.000053	-0.000073	0.000091
0.105427	0.000036	-0.000119	0.000125
0.105487	-0.000316	-0.000205	0.000377
0.105547	0.000165	-0.000113	0.000200
0.105607	-0.000046	-0.000177	0.000183
0.105667	-0.000021	0.000072	0.000075
0.105727	0.000036	-0.000099	0.000106
0.105787	-0.000204	0.000044	0.000209
0.105847	0.000070	0.000035	0.000079
0.105907	-0.000104	0.000179	0.000207
0.105967	-0.000141	0.000105	0.000175
0.106027	-0.000300	-0.000096	0.000315
0.106087	0.000098	0.000252	0.000271
0.106147	-0.000165	0.000025	0.000167
0.106207	-0.000093	-0.000209	0.000229
0.106267	-0.000058	0.000009	0.000059
0.106327	0.000017	-0.000370	0.000371
0.106387	0.000133	0.000051	0.000142
0.106447	-0.000070	-0.000012	0.000071
0.106507	-0.000297	-0.000139	0.000328
0.106567	-0.000036	-0.000180	0.000184
0.106627	-0.000077	0.000123	0.000145
0.106687	-0.000093	-0.000082	0.000124
0.106747	-0.000079	0.000086	0.000117
0.106807	0.000084	-0.000139	0.000163
0.106867	0.000280	0.000039	0.000283
0.106927	0.000371	-0.000158	0.000403
0.106987	0.000259	0.000128	0.000289
0.107047	-0.000023	-0.000042	0.000048
0.107107	0.000009	0.000146	0.000146
0.107167	-0.000077	-0.000137	0.000157
0.107227	-0.000148	-0.000195	0.000245
0.107287	0.000075	0.000055	0.000093
0.107347	-0.000204	-0.000006	0.000204
0.107407	-0.000082	0.000077	0.000112
0.107467	-0.000016	0.000041	0.000044
0.107527	0.000010	-0.000045	0.000046
0.107587	0.000071	0.000037	0.000080
0.107647	-0.000184	0.000158	0.000242
0.107707	-0.000073	0.000162	0.000178
0.107767	-0.000076	-0.000189	0.000203
0.107827	-0.000150	-0.000091	0.000175
0.107887	0.000118	-0.000091	0.000149
0.107947	-0.000234	-0.000271	0.000358
0.108007	-0.000030	0.000146	0.000149
0.108067	0.000012	-0.000097	0.000098
0.108127	-0.000087	-0.000114	0.000143
0.108187	0.000040	0.000052	0.000066
0.108247	-0.000067	-0.000008	0.000067
0.108307	-0.000061	0.000055	0.000082
0.108367	0.000064	0.000036	0.000074
0.108427	0.000226	0.000196	0.000299
0.108487	0.000034	-0.000203	0.000206
0.108547	0.000048	-0.000011	0.000050
0.108607	0.000072	-0.000146	0.000163
0.108667	0.000215	-0.000115	0.000244
0.108727	-0.000059	-0.000117	0.000131
0.108787	0.000039	0.000072	0.000082
0.108847	-0.000017	-0.000045	0.000048
0.108907	0.000040	-0.000157	0.000162
0.108967	0.000008	0.000229	0.000229
0.109027	0.000082	-0.000081	0.000115
0.109087	-0.000190	-0.000085	0.000208
0.109147	-0.000228	-0.000144	0.000270
0.109207	0.000252	0.000023	0.000253
0.109267	-0.000238	0.000137	0.000275
0.109327	-0.000234	0.000109	0.000259
0.109387	-0.000043	0.000039	0.000058
0.109447	0.000089	-0.000183	0.000203
0.109507	-0.000131	-0.000305	0.000332
0.109567	-0.000077	-0.000110	0.000134
0.109627	0.000156	-0.000056	0.000166
0.109687	0.000090	0.000150	0.000174
0.109747	-0.000057	0.000006	0.000057
0.109807	-0.000043	0.000111	0.000119
0.109867	0.000008	0.000090	0.000091
0.109927	-0.000132	-0.000132	0.000187
0.109987	0.000140	-0.000138	0.000196
0.110047	0.000226	-0.000211	0.000309
0.110107	0.000013	-0.000159	0.000159
0.110167	0.000071	0.000038	0.000080
0.110227	-0.000015	-0.000278	0.000278
0.110287	-0.000166	-0.000205	0.000264
0.110347	0.000137	-0.000218	0.000257
0.110407	0.000245	-0.000129	0.000277
0.110467	0.000145	-0.000082	0.000166
0.110527	-0.000167	0.000118	0.000204
0.110587	-0.000326	-0.000275	0.000426
0.110647	-0.000006	-0.000073	0.000074
0.110707	0.000062	0.000074	0.000096
0.110767	0.000226	-0.000122	0.000256
0.110827	-0.000071	-0.000263	0.000273
0.110887	0.000042	-0.000281	0.000284
0.110947	-0.000086	-0.000010	0.000087
0.111007	-0.000021	-0.000206	0.000207
0.111067	0.000115	0.000125	0.000170
0.111127	0.000221	-0.000127	0.000255
0.111187	-0.000196	0.000047	0.000202
0.111247	-0.000189	-0.000011	0.000189
0.111307	0.000179	0.000088	0.000199
0.111367	0.000195	0.000090	0.000215
0.111427	0.000103	-0.000356	0.000371
0.111487	0.000180	0.000105	0.000208
0.111547	-0.000159	-0.000116	0.000197
0.111607	0.000167	0.000088	0.000188
0.111667	-0.000018	-0.000294	0.000295
0.111727	-0.000326	0.000050	0.000329
0.111787	0.000011	0.000086	0.000086
0.111847	-0.000411	-0.000309	0.000515
0.111907	-0.000063	-0.000027	0.000068
0.111967	-0.000005	-0.000185	0.000185
0.112027	-0.000181	0.000070	0.000194
0.112087	-0.000065	0.000255	0.000263
0.112147	-0.000192	-0.000150	0.000244
0.112207	-0.000008	0.000144	0.000145
0.112267	-0.000192	-0.000076	0.000207
0.112327	-0.000137	-0.000111	0.000176
0.112387	0.000043	0.000038	0.000058
0.112447	-0.000192	0.000380	0.000425
0.112507	0.000139	-0.000100	0.000171
0.112567	0.000083	-0.000134	0.000158
0.112627	0.000165	-0.000136	0.000214
0.112687	0.000006	-0.000127	0.000127
0.112747	0.000130	0.000034	0.000135
0.112807	0.000040	0.000229	0.000232
0.112867	0.000080	-0.000225	0.000239
0.112927	-0.000156	-0.000185	0.000243
0.112987	-0.000056	-0.000244	0.000251
0.113047	0.000372	-0.000107	0.000387
0.113107	-0.000040	-0.000134	0.000139
0.113167	-0.000177	-0.000002	0.000177
0.113227	0.000137	-0.000052	0.000147
0.113287	0.000232	-0.000357	0.000426
0.113347	-0.000041	-0.000095	0.000103
0.113407	-0.000251	0.000107	0.000273
0.113467	-0.000102	-0.000147	0.000178
0.113527	0.000039	0.000172	0.000176
0.113587	-0.000015	0.000017	0.000023
0.113647	0.000042	0.000314	0.000317
0.113707	-0.000055	0.000079	0.000096
0.113767	-0.000053	-0.000130	0.000140
0.113827	-0.000181	0.000055	0.000189
0.113887	-0.000061	-0.000055	0.000083
0.113947	0.000254	0.000063	0.000262
0.114007	0.000153	0.000086	0.000176
0.114067	-0.000294	-0.000009	0.000294
0.114127	-0.000051	-0.000149	0.000157
0.114187	-0.000323	0.000042	0.000326
0.114247	-0.000033	0.000025	0.000041
0.114307	0.000052	-0.000144	0.000153
0.114367	0.000064	0.000033	0.000072
0.114427	-0.000047	0.000169	0.000175
0.114487	0.000118	-0.000012	0.000118
0.114547	0.000085	-0.000192	0.000210
0.114607	0.000195	0.000016	0.000196
0.114667	-0.000037	-0.000227	0.000230
0.114727	0.000335	0.000173	0.000377
0.114787	-0.000017	-0.000123	0.000124
0.114847	0.000055	0.000062	0.000083
0.114907	-0.000046	-0.000076	0.000089
0.114967	0.000013	0.000098	0.000099
0.115027	-0.000062	-0.000288	0.000295
0.115087	-0.000139	-0.000075	0.000158
0.115147	0.000157	-0.000112	0.000193
0.115207	-0.000014	0.000192	0.000193
0.115267	-0.000080	-0.000332	0.000341
0.115327	0.000020	0.000223	0.000224
0.115387	0.000098	0.000039	0.000106
0.115447	0.000139	-0.000228	0.000267
0.115507	-0.000192	-0.000215	0.000288
0.115567	0.000139	-0.000257	0.000292
0.115627	-0.000026	-0.000101	0.000105
0.115687	0.000062	-0.000018	0.000064
0.115747	-0.000264	-0.000143	0.000301
0.115807	0.000181	-0.000121	0.000218
0.115867	-0.000114	0.000022	0.000116
0.115927	0.000093	0.000175	0.000198
0.115987	0.000251	0.000104	0.000272
0.116047	0.000069	0.000224	0.000235
0.116107	0.000162	0.000091	0.000185
0.116167	-0.000210	0.000011	0.000210
0.116227	-0.000047	0.000029	0.000055
0.116287	0.000099	0.000020	0.000101
0.116347	0.000168	0.000001	0.000168
0.116407	0.000228	-0.000017	0.000229
0.116467	0.000032	-0.000084	0.000090
0.116527	-0.000255	-0.000015	0.000256
0.116587	0.000002	-0.000018	0.000018
0.116647	-0.000093	-0.000052	0.000106
0.116707	0.000218	-0.000112	0.000245
0.116767	0.000038	-0.000073	0.000082
0.116827	-0.000240	0.000030	0.000242
0.116887	0.000149	0.000092	0.000175
0.116947	0.000136	-0.000103	0.000171
0.117007	-0.000044	-0.000034	0.000055
0.117067	0.000205	0.000099	0.000228
0.117127	-0.000360	-0.000191	0.000408
0.117187	-0.000086	-0.000002	0.000086
0.117247	-0.000067	0.000083	0.000106
0.117307	-0.000046	0.000180	0.000186
0.117367	-0.000059	0.000018	0.000062
0.117427	0.000217	0.000187	0.000286
0.117487	0.000064	0.000035	0.000072
0.117547	-0.000147	0.000093	0.000174
0.117607	0.000082	-0.000057	0.000100
0.117667	-0.000063	0.000083	0.000104
0.117727	-0.000018	-0.000273	0.000273
0.117787	-0.000046	-0.000174	0.000180
0.117847	-0.000063	0.000252	0.000260
0.117907	-0.000097	0.000096	0.000136
0.117967	-0.000034	-0.000091	0.000097
0.118027	0.000259	-0.000082	0.000272
0.118087	0.000112	0.000019	0.000114
0.118147	-0.000144	0.000152	0.000209
0.118207	-0.000217	-0.000031	0.000220
0.118267	0.000031	-0.000058	0.000066
0.118327	0.000248	0.000045	0.000252
0.118387	-0.000238	-0.000138	0.000275
0.118447	-0.000046	0.000069	0.000083
0.118507	0.000012	0.000030	0.000033
0.118567	-0.000096	-0.000157	0.000184
0.118627	-0.000128	0.000224	0.000258
0.118687	-0.000167	0.000098	0.000194
0.118747	0.000073	0.000065	0.000098
0.118807	-0.000106	0.000156	0.000188
0.118867	-0.000134	-0.000129	0.000187
0.118927	-0.000117	-0.000013	0.000118
0.118987	0.000162	-0.000210	0.000265
0.119047	-0.000057	0.000326	0.000331
0.119107	0.000059	-0.000092	0.000109
0.119167	0.000108	-0.000015	0.000109
0.119227	0.000134	0.000132	0.000188
0.119287	-0.000147	-0.000172	0.000226
0.119347	0.000183	-0.000083	0.000201
0.119407	0.000207	0.000009	0.000207
0.119467	-0.000036	-0.000029	0.000046
0.119527	-0.000140	-0.000072	0.000157
0.119587	-0.000206	-0.000150	0.000255
0.119647	0.000089	-0.000139	0.000165
0.119707	0.000067	-0.000040	0.000078
0.119767	-0.000050	-0.000134	0.000143
0.119827	0.000080	-0.000055	0.000098
0.119887	0.000000	0.000057	0.000057
0.119947	0.000115	0.000121	0.000167
0.120007	-0.000102	-0.000260	0.000280
0.120067	0.000192	0.000082	0.000209
0.120127	-0.000013	0.000033	0.000036
0.120187	-0.000058	-0.000042	0.000071
0.120247	-0.000212	0.000153	0.000261
0.120307	-0.000352	0.000147	0.000382
0.120367	0.000069	-0.000222	0.000232
0.120427	0.000136	0.000109	0.000174
0.120487	0.000028	0.000252	0.000253
0.120547	-0.000005	-0.000327	0.000327
0.120607	-0.000107	0.000077	0.000132
0.120667	-0.000099	-0.000025	0.000102
0.120727	0.000022	0.000085	0.000088
0.120787	-0.000131	0.000110	0.000172
0.120847	0.000101	0.000087	0.000133
0.120907	0.000150	0.000037	0.000154
0.120967	-0.000296	0.000054	0.000301
0.121027	-0.000042	-0.000120	0.000127
0.121087	-0.000112	-0.000181	0.000213
0.121147	0.000174	-0.000044	0.000179
0.121207	0.000194	-0.000126	0.000231
0.121267	-0.000040	0.000182	0.000187
0.121327	-0.000109	-0.000115	0.000159
0.121387	0.000078	-0.000093	0.000121
0.121447	-0.000138	0.000061	0.000150
0.121507	0.000134	-0.000034	0.000138
0.121567	-0.000210	-0.000078	0.000224
0.121627	-0.000375	0.000086	0.000385
0.121687	0.000136	-0.000282	0.000313
0.121747	0.000112	-0.000116	0.000161
0.121807	-0.000144	0.000008	0.000144
0.121867	-0.000030	-0.000210	0.000212
0.121927	0.000255	0.000060	0.000262
0.121987	0.000184	0.000287	0.000341
0.122047	0.000127	0.000119	0.000174
0.122107	-0.000173	0.000034	0.000176
0.122167	0.000081	-0.000209	0.000224
0.122227	-0.000157	-0.000091	0.000181
0.122287	-0.000139	0.000104	0.000173
0.122347	0.000124	-0.000033	0.000128
0.122407	0.000104	0.000081	0.000131
0.122467	-0.000129	0.000181	0.000222
0.122527	0.000050	-0.000037	0.000062
0.122587	0.000150	-0.000206	0.000255
0.122647	-0.000205	-0.000030	0.000207
0.122707	0.000117	0.000005	0.000117
0.122767	-0.000021	-0.000098	0.000100
0.122827	-0.000266	-0.000052	0.000271
0.122887	0.000162	-0.000088	0.000185
0.122947	-0.000021	0.000054	0.000058
0.123007	0.000015	0.000150	0.000151
0.123067	0.000071	0.000066	0.000097
0.123127	-0.000056	-0.000243	0.000249
0.123187	0.000201	-0.000238	0.000311
0.123247	-0.000341	-0.000206	0.000399
0.123307	-0.000174	0.000134	0.000220
0.123367	-0.000179	-0.000039	0.000184
0.123427	0.000067	0.000004	0.000067
0.123487	0.000310	-0.000021	0.000311
0.123547	0.000055	-0.000341	0.000346
0.123607	-0.000267	-0.000092	0.000282
0.123667	0.000030	-0.000107	0.000111
0.123727	-0.000039	0.000048	0.000062
0.123787	0.000128	-0.000276	0.000304
0.123847	-0.000028	-0.000158	0.000160
0.123907	-0.000290	-0.000107	0.000309
0.123967	-0.000010	0.000150	0.000151
0.124027	0.000068	-0.000292	0.000300
0.124087	-0.000047	-0.000195	0.000201
0.124147	0.000010	-0.000033	0.000035
0.124207	-0.000127	-0.000081	0.000151
0.124267	0.000068	-0.000249	0.000258
0.124327	0.000197	0.000270	0.000334
0.124387	0.000140	-0.000240	0.000278
0.124447	-0.000123	-0.000003	0.000123
0.124507	-0.000043	-0.000175	0.000180
0.124567	0.000138	0.000175	0.000223
0.124627	0.000038	-0.000224	0.000227
0.124687	-0.000075	0.000184	0.000199
0.124747	-0.000057	-0.000036	0.000068
0.124807	0.000015	-0.000190	0.000190
0.124867	-0.000169	0.000038	0.000173
0.124927	0.000156	0.000038	0.000160
0.124987	0.000041	-0.000078	0.000088
0.125047	0.000331	0.000031	0.000332
0.125107	-0.000158	-0.000129	0.000204
0.125167	0.000090	-0.000324	0.000337
0.125227	-0.000179	-0.000161	0.000240
0.125287	0.000091	-0.000021	0.000093
0.125347	0.000108	-0.000063	0.000125
0.125407	-0.000293	-0.000117	0.000315
0.125467	-0.000059	-0.000011	0.000060
0.125527	0.000085	0.000311	0.000322
0.125587	-0.000058	-0.000405	0.000409
0.125647	0.000139	0.000029	0.000142
0.125707	0.000107	0.000004	0.000107
0.125767	-0.000260	-0.000008	0.000260
0.125827	-0.000125	0.000139	0.000187
0.125887	-0.000070	-0.000109	0.000130
0.125947	0.000011	0.000014	0.000018
0.126007	-0.000076	-0.000349	0.000358
0.126067	0.000043	-0.000039	0.000059
0.126127	-0.000101	-0.000003	0.000101
0.126187	-0.000305	0.000184	0.000356
0.126247	0.000219	0.000100	0.000241
0.126307	-0.000030	-0.000144	0.000147
0.126367	-0.000156	-0.000094	0.000182
0.126427	-0.000016	0.000075	0.000076
0.126487	-0.000071	0.000111	0.000132
0.126547	-0.000336	0.000062	0.000342
0.126607	0.000030	-0.000263	0.000265
0.126667	-0.000046	0.000117	0.000126
0.126727	0.000043	-0.000026	0.000051
0.126787	-0.000251	0.000113	0.000276
0.126847	0.000091	0.000062	0.000110
0.126907	-0.000080	0.000212	0.000226
0.126967	0.000070	-0.000230	0.000241
0.127027	0.000072	0.000011	0.000073
0.127087	0.000014	0.000206	0.000206
0.127147	-0.000076	-0.000432	0.000439
0.127207	-0.000167	0.000128	0.000210
0.127267	0.000016	-0.000291	0.000291
0.127327	-0.000088	-0.000128	0.000155
0.127387	0.000102	-0.000053	0.000115
0.127447	-0.000262	0.000016	0.000263
0.127507	-0.000122	-0.000303	0.000327
0.127567	-0.000059	-0.000043	0.000073
0.127627	-0.000267	-0.000025	0.000268
0.127687	-0.000046	-0.000118	0.000127
0.127747	-0.000144	0.000009	0.000144
0.127807	0.000010	-0.000189	0.000190
0.127867	-0.000154	0.000091	0.000179
0.127927	0.000052	0.000093	0.000106
0.127987	0.000283	-0.000017	0.000283
0.128047	-0.000068	0.000064	0.000094
0.128107	-0.000103	0.000178	0.000206
0.128167	0.000038	0.000026	0.000046
0.128227	0.000040	-0.000136	0.000142
0.128287	0.000133	-0.000242	0.000276
0.128347	0.000290	0.000196	0.000350
0.128407	0.000477	-0.000128	0.000494
0.128467	-0.000011	0.000164	0.000164
0.128527	-0.000013	-0.000100	0.000101
0.128587	0.000230	0.000019	0.000230
0.128647	-0.000082	0.000105	0.000133
0.128707	0.000148	-0.000000	0.000148
0.128767	-0.000007	-0.000039	0.000039
0.128827	-0.000180	-0.000131	0.000223
0.128887	0.000112	-0.000046	0.000121
0.128947	-0.000205	0.000072	0.000218
0.129007	0.000092	0.000011	0.000093
0.129067	0.000336	-0.000003	0.000336
0.129127	0.000187	-0.000045	0.000192
0.129187	0.000039	-0.000029	0.000049
0.129247	-0.000314	0.000074	0.000322
0.129307	0.000159	0.000042	0.000165
0.129367	0.000062	0.000026	0.000067
0.129427	-0.000138	-0.000061	0.000151
0.129487	0.000190	0.000013	0.000191
0.129547	0.000079	-0.000065	0.000103
0.129607	-0.000081	0.000147	0.000168
0.129667	0.000211	0.000224	0.000308
0.129727	-0.000137	0.000031	0.000140
0.129787	0.000208	-0.000237	0.000315
0.129847	0.000029	-0.000016	0.000033
0.129907	-0.000212	-0.000019	0.000213
0.129967	-0.000049	0.000181	0.000188
0.130027	0.000159	-0.000017	0.000160
0.130087	-0.000015	0.000245	0.000245
0.130147	0.000106	0.000034	0.000112
0.130207	-0.000098	-0.000032	0.000103
0.130267	-0.000050	0.000117	0.000127
0.130327	-0.000267	-0.000182	0.000323
0.130387	0.000062	0.000049	0.000080
0.130447	-0.000092	-0.000003	0.000092
0.130507	-0.000033	-0.000028	0.000043
0.130567	0.000029	-0.000123	0.000127
0.130627	-0.000113	0.000003	0.000113
0.130687	0.000120	-0.000405	0.000423
0.130747	-0.000064	-0.000097	0.000116
0.130807	0.000006	-0.000067	0.000067
0.130867	-0.000101	0.000021	0.000103
0.130927	-0.000320	0.000101	0.000335
0.130987	-0.000093	-0.000043	0.000103
0.131047	0.000079	-0.000267	0.000279
0.131107	-0.000119	-0.000166	0.000204
0.131167	-0.000171	-0.000121	0.000209
0.131227	-0.000081	-0.000023	0.000084
0.131287	-0.000343	0.000146	0.000373
0.131347	-0.000197	0.000096	0.000219
0.131407	0.000029	-0.000144	0.000147
0.131467	0.000393	-0.000175	0.000431
0.131527	0.000191	-0.000145	0.000240
0.131587	0.000095	0.000066	0.000116
0.131647	-0.000101	-0.000179	0.000206
0.131707	-0.000079	0.000175	0.000192
0.131767	-0.000139	-0.000181	0.000228
0.131827	0.000026	0.000193	0.000195
0.131887	0.000072	0.000057	0.000092
0.131947	0.000029	-0.000146	0.000148
0.132007	-0.000119	-0.000061	0.000134
0.132067	-0.000063	0.000064	0.000090
0.132127	0.000048	0.000277	0.000282
0.132187	-0.000085	-0.000165	0.000185
0.132247	0.000016	-0.000197	0.000198
0.132307	-0.000054	-0.000331	0.000335
0.132367	0.000042	0.000002	0.000042
0.132427	0.000052	-0.000083	0.000098
0.132487	0.000029	-0.000320	0.000322
0.132547	0.000034	-0.000163	0.000166
0.132607	-0.000019	-0.000086	0.000088
0.132667	-0.000141	0.000195	0.000241
0.132727	0.000044	-0.000198	0.000203
0.132787	0.000034	-0.000033	0.000047
0.132847	-0.000272	-0.000129	0.000301
0.132907	-0.000196	0.000018	0.000197
0.132967	-0.000157	-0.000101	0.000187
0.133027	0.000215	-0.000258	0.000335
0.133087	-0.000049	0.000103	0.000114
0.133147	-0.000082	-0.000119	0.000144
0.133207	-0.000152	0.000011	0.000152
0.133267	-0.000188	0.000002	0.000188
0.133327	0.000091	-0.000055	0.000106
0.133387	-0.000045	0.000195	0.000200
0.133447	0.000058	0.000043	0.000072
0.133507	-0.000017	0.000081	0.000083
0.133567	0.000020	0.000170	0.000171
0.133627	-0.000004	-0.000250	0.000250
0.133687	-0.000039	-0.000033	0.000051
0.133747	-0.000267	-0.000025	0.000268
0.133807	0.000226	-0.000443	0.000498
0.133867	0.000001	-0.000278	0.000278
0.133927	0.000106	0.000082	0.000134
0.133987	-0.000190	-0.000170	0.000255
0.134047	-0.000129	-0.000111	0.000170
0.134107	-0.000282	0.000017	0.000283
0.134167	-0.000103	-0.000078	0.000129
0.134227	-0.000015	0.000003	0.000015
0.134287	-0.000073	0.000087	0.000114
0.134347	-0.000055	0.000035	0.000065
0.134407	-0.000094	0.000146	0.000173
0.134467	-0.000050	0.000232	0.000237
0.134527	-0.000210	0.000185	0.000280
0.134587	-0.000015	-0.000030	0.000034
0.134647	0.000018	-0.000058	0.000061
0.134707	0.000053	0.000089	0.000104
0.134767	0.000037	-0.000076	0.000084
0.134827	0.000258	-0.000126	0.000287
0.134887	0.000428	-0.000088	0.000437
0.134947	0.000105	-0.000171	0.000201
0.135007	0.000187	0.000008	0.000187
0.135067	-0.000038	0.000062	0.000073
0.135127	-0.000094	0.000265	0.000281
0.135187	-0.000023	-0.000181	0.000183
0.135247	-0.000010	0.000235	0.000235
0.135307	0.000118	-0.000260	0.000285
0.135367	0.000041	-0.000054	0.000067
0.135427	-0.000034	0.000082	0.000089
0.135487	0.000195	0.000168	0.000258
0.135547	-0.000038	0.000056	0.000068
0.135607	-0.000342	-0.000326	0.000472
0.135667	0.000037	-0.000024	0.000044
0.135727	0.000108	-0.000069	0.000128
0.135787	-0.000074	0.000263	0.000273
0.135847	0.000026	0.000154	0.000156
0.135907	0.000036	0.000054	0.000065
0.135967	-0.000050	0.000037	0.000062
0.136027	0.000384	0.000019	0.000385
0.136087	-0.000059	-0.000171	0.000181
0.136147	0.000156	0.000201	0.000255
0.136207	-0.000123	0.000212	0.000245
0.136267	-0.000090	0.000192	0.000212
0.136327	0.000001	-0.000094	0.000094
0.136387	-0.000138	-0.000110	0.000177
0.136447	0.000239	0.000173	0.000295
0.136507	0.000046	-0.000078	0.000091
0.136567	-0.000195	-0.000119	0.000229
0.136627	-0.000181	-0.000119	0.000217
0.136687	-0.000003	0.000086	0.000086
0.136747	0.000010	0.000021	0.000023
0.136807	0.000015	0.000007	0.000017
0.136867	-0.000046	-0.000034	0.000057
0.136927	-0.000139	0.000208	0.000250
0.136987	-0.000255	0.000128	0.000286
0.137047	-0.000008	-0.000097	0.000098
0.137107	-0.000221	-0.000141	0.000262
0.137167	0.000165	0.000008	0.000165
0.137227	0.000006	0.000195	0.000195
0.137287	0.000005	0.000048	0.000049
0.137347	-0.000021	-0.000149	0.000150
0.137407	-0.000026	0.000096	0.000099
0.137467	0.000086	-0.000045	0.000097
0.137527	0.000271	-0.000030	0.000273
0.137587	0.000095	0.000159	0.000185
0.137647	-0.000139	-0.000257	0.000292
0.137707	0.000103	0.000122	0.000160
0.137767	-0.000116	-0.000073	0.000137
0.137827	-0.000038	-0.000213	0.000217
0.137887	-0.000043	0.000303	0.000306
0.137947	-0.000187	-0.000001	0.000187
0.138007	-0.000050	0.000076	0.000091
0.138067	0.000089	-0.000017	0.000090
0.138127	0.000054	0.000042	0.000068
0.138187	-0.000155	0.000112	0.000191
0.138247	0.000066	-0.000261	0.000269
0.138307	0.000128	0.000137	0.000187
0.138367	0.000080	0.000180	0.000197
0.138427	-0.000132	0.000174	0.000219
0.138487	0.000359	-0.000131	0.000383
0.138547	-0.000134	-0.000173	0.000219
0.138607	-0.000090	0.000066	0.000111
0.138667	0.000000	-0.000177	0.000177
0.138727	0.000131	0.000116	0.000175
0.138787	-0.000032	-0.000017	0.000036
0.138847	0.000073	0.000044	0.000085
0.138907	0.000202	0.000204	0.000288
0.138967	0.000018	-0.000052	0.000055
0.139027	-0.000182	0.000102	0.000208
0.139087	0.000173	0.000035	0.000177
0.139147	0.000019	0.000253	0.000253
0.139207	0.000185	-0.000039	0.000189
0.139267	-0.000036	-0.000031	0.000048
0.139327	-0.000125	0.000026	0.000127
0.139387	-0.000318	-0.000147	0.000350
0.139447	0.000067	-0.000140	0.000155
0.139507	0.000148	-0.000140	0.000204
0.139567	0.000013	-0.000100	0.000101
0.139627	0.000052	0.000084	0.000099
0.139687	-0.000086	-0.000169	0.000190
0.139747	-0.000132	-0.000308	0.000335
0.139807	0.000181	-0.000024	0.000182
0.139867	-0.000339	0.000307	0.000457
0.139927	0.000286	0.000015	0.000287
0.139987	0.000108	0.000085	0.000137
0.140047	0.000005	0.000023	0.000024
0.140107	0.000086	0.000015	0.000088
0.140167	-0.000128	-0.000266	0.000296
0.140227	-0.000142	-0.000560	0.000577
0.140287	-0.000064	0.000116	0.000133
0.140347	-0.000002	-0.000383	0.000383
0.140407	0.000156	-0.000059	0.000167
0.140467	-0.000119	0.000154	0.000194
0.140527	0.000138	0.000054	0.000148
0.140587	-0.000002	0.000430	0.000430
0.140647	0.000000	0.000145	0.000145
0.140707	-0.000056	-0.000226	0.000233
0.140767	-0.000100	0.000016	0.000101
0.140827	-0.000205	0.000007	0.000206
0.140887	0.000004	-0.000011	0.000011
0.140947	0.000087	-0.000015	0.000088
0.141007	-0.000038	-0.000088	0.000096
0.141067	0.000005	-0.000232	0.000232
0.141127	-0.000203	0.000241	0.000315
0.141187	0.000030	-0.000208	0.000210
0.141247	0.000003	-0.000150	0.000150
0.141307	0.000175	-0.000195	0.000262
0.141367	0.000064	0.000027	0.000070
0.141427	-0.000102	0.000161	0.000191
0.141487	0.000046	0.000246	0.000250
0.141547	-0.000022	0.000152	0.000154
0.141607	0.000063	0.000014	0.000065
0.141667	0.000111	0.000165	0.000199
0.141727	0.000139	-0.000167	0.000217
0.141787	0.000032	0.000037	0.000049
0.141847	0.000232	-0.000202	0.000308
0.141907	-0.000159	-0.000159	0.000225
0.141967	-0.000007	0.000008	0.000010
0.142027	-0.000311	-0.000386	0.000496
0.142087	0.000076	-0.000137	0.000156
0.142147	-0.000105	-0.000080	0.000132
0.142207	0.000043	-0.000179	0.000184
0.142267	-0.000003	-0.000058	0.000058
0.142327	0.000167	0.000037	0.000171
0.142387	0.000128	-0.000185	0.000224
0.142447	0.000064	-0.000002	0.000064
0.142507	-0.000122	0.000199	0.000234
0.142567	-0.000034	0.000037	0.000050
0.142627	0.000112	-0.000147	0.000185
0.142687	0.000249	-0.000245	0.000349
0.142747	-0.000051	-0.000139	0.000148
0.142807	0.000008	0.000060	0.000060
0.142867	0.000092	-0.000220	0.000239
0.142927	-0.000051	0.000021	0.000055
0.142987	-0.000070	0.000032	0.000077
0.143047	-0.000130	0.000035	0.000134
0.143107	-0.000000	-0.000132	0.000132
0.143167	0.000183	0.000162	0.000244
0.143227	-0.000101	-0.000232	0.000253
0.143287	-0.000253	0.000125	0.000282
0.143347	-0.000095	0.000060	0.000113
0.143407	-0.000381	-0.000100	0.000394
0.143467	0.000045	-0.000068	0.000081
0.143527	-0.000006	-0.000004	0.000007
0.143587	-0.000164	-0.000266	0.000312
0.143647	0.000136	-0.000047	0.000143
0.143707	0.000135	0.000011	0.000135
0.143767	-0.000200	-0.000041	0.000204
0.143827	0.000071	-0.000002	0.000071
0.143887	0.000256	-0.000154	0.000299
0.143947	0.000063	0.000075	0.000098
0.144007	0.000166	-0.000148	0.000222
0.144067	-0.000069	-0.000048	0.000084
0.144127	-0.000144	-0.000122	0.000189
0.144187	0.000050	-0.000021	0.000054
0.144247	-0.000106	-0.000093	0.000141
0.144307	-0.000028	-0.000242	0.000244
0.144367	-0.000133	0.000025	0.000135
0.144427	-0.000046	0.000097	0.000108
0.144487	-0.000233	-0.000095	0.000251
0.144547	0.000063	0.000337	0.000342
0.144607	-0.000122	-0.000062	0.000137
0.144667	0.000209	-0.000056	0.000217
0.144727	0.000053	-0.000025	0.000059
0.144787	0.000053	-0.000194	0.000201
0.144847	-0.000166	-0.000001	0.000166
0.144907	-0.000122	0.000089	0.000151
0.144967	-0.000039	-0.000218	0.000221
0.145027	0.000083	0.000117	0.000144
0.145087	-0.000124	-0.000063	0.000139
0.145147	0.000128	0.000187	0.000226
0.145207	0.000381	0.000330	0.000504
0.145267	0.000086	0.000150	0.000173
0.145327	0.000183	0.000015	0.000183
0.145387	-0.000222	0.000065	0.000231
0.145447	-0.000084	-0.000053	0.000099
0.145507	-0.000017	-0.000032	0.000036
0.145567	-0.000236	0.000071	0.000246
0.145627	0.000163	-0.000194	0.000253
0.145687	-0.000183	-0.000032	0.000186
0.145747	-0.000108	-0.000014	0.000108
0.145807	0.000102	0.000088	0.000134
0.145867	0.000033	-0.000016	0.000036
0.145927	-0.000153	-0.000087	0.000176
0.145987	0.000001	0.000161	0.000161
0.146047	-0.000136	-0.000171	0.000219
0.146107	0.000115	-0.000082	0.000141
0.146167	-0.000151	0.000085	0.000173
0.146227	-0.000292	-0.000285	0.000408
0.146287	-0.000035	0.000140	0.000145
0.146347	0.000204	-0.000403	0.000451
0.146407	-0.000126	0.000025	0.000129
0.146467	-0.000415	0.000271	0.000495
0.146527	0.000024	-0.000148	0.000150
0.146587	-0.000061	0.000000	0.000061
0.146647	0.000072	-0.000158	0.000174
0.146707	-0.000061	-0.000087	0.000106
0.146767	0.000031	-0.000037	0.000048
0.146827	-0.000012	0.000204	0.000205
0.146887	0.000020	0.000127	0.000128
0.146947	0.000049	0.000005	0.000050
0.147007	0.000055	0.000079	0.000097
0.147067	-0.000017	-0.000120	0.000121
0.147127	0.000195	0.000104	0.000221
0.147187	0.000018	0.000049	0.000053
0.147247	-0.000349	-0.000067	0.000355
0.147307	0.000241	-0.000191	0.000308
0.147367	0.000042	-0.000132	0.000139
0.147427	0.000204	-0.000113	0.000233
0.147487	0.000113	0.000001	0.000113
0.147547	-0.000061	-0.000080	0.000101
0.147607	0.000226	-0.000185	0.000292
0.147667	-0.000044	-0.000035	0.000056
0.147727	-0.000080	-0.000330	0.000339
0.147787	0.000180	-0.000023	0.000182
0.147847	0.000028	0.000255	0.000257
0.147907	-0.000012	-0.000293	0.000293
0.147967	-0.000087	-0.000046	0.000099
0.148027	-0.000086	-0.000097	0.000130
0.148087	-0.000014	0.000289	0.000289
0.148147	0.000184	-0.000287	0.000341
0.148207	-0.000155	0.000018	0.000156
0.148267	0.000197	-0.000129	0.000236
0.148327	0.000201	0.000037	0.000205
0.148387	0.000140	-0.000199	0.000243
0.148447	-0.000032	-0.000069	0.000076
0.148507	-0.000084	0.000259	0.000272
0.148567	-0.000213	0.000086	0.000230
0.148627	0.000223	-0.000072	0.000234
0.148687	-0.000174	-0.000159	0.000236
0.148747	0.000030	0.000127	0.000131
0.148807	-0.000209	-0.000128	0.000245
0.148867	-0.000164	0.000038	0.000168
0.148927	-0.000056	-0.000169	0.000178
0.148987	-0.000006	-0.000066	0.000067
0.149047	0.000161	-0.000137	0.000212
0.149107	-0.000014	-0.000052	0.000054
0.149167	0.000005	-0.000200	0.000200
0.149227	-0.000281	-0.000107	0.000300
0.149287	0.000219	0.000102	0.000241
0.149347	0.000186	-0.000158	0.000244
0.149407	-0.000090	0.000223	0.000240
0.149467	0.000175	-0.000068	0.000187
0.149527	-0.000162	-0.000087	0.000184
0.149587	-0.000019	0.000028	0.000034
0.149647	-0.000109	-0.000199	0.000227
0.149707	0.000041	-0.000020	0.000046
0.149767	0.000170	0.000114	0.000205
0.149827	-0.000029	0.000072	0.000078
0.149887	0.000202	-0.000135	0.000243
0.149947	0.000054	0.000059	0.000080
0.150007	0.000137	-0.000018	0.000138
0.150067	0.000014	-0.000232	0.000232
0.150127	0.000309	0.000233	0.000387
0.150187	-0.000257	0.000143	0.000294
0.150247	0.000205	-0.000056	0.000213
0.150307	0.000182	-0.000192	0.000265
0.150367	0.000109	-0.000042	0.000117
0.150427	0.000043	-0.000097	0.000106
0.150487	-0.000034	-0.000228	0.000231
0.150547	0.000069	0.000211	0.000222
0.150607	0.000040	0.000107	0.000114
0.150667	0.000079	-0.000151	0.000171
0.150727	0.000029	0.000181	0.000183
0.150787	-0.000248	-0.000179	0.000306
0.150847	-0.000066	-0.000052	0.000084
0.150907	-0.000192	-0.000187	0.000268
0.150967	-0.000252	0.000184	0.000311
0.151027	-0.000289	0.000119	0.000313
0.151087	0.000071	-0.000104	0.000126
0.151147	0.000225	-0.000082	0.000239
0.151207	-0.000053	-0.000204	0.000211
0.151267	-0.000157	0.000015	0.000157
0.151327	-0.000051	-0.000061	0.000080
0.151387	0.000056	-0.000179	0.000188
0.151447	0.000080	-0.000139	0.000160
0.151507	0.000125	0.000041	0.000132
0.151567	0.000191	-0.000152	0.000244
0.151627	-0.000092	-0.000140	0.000167
0.151687	0.000264	-0.000171	0.000315
0.151747	-0.000348	-0.000119	0.000368
0.151807	-0.000071	0.000049	0.000087
0.151867	-0.000328	0.000015	0.000328
0.151927	0.000232	0.000192	0.000301
0.151987	0.000097	-0.000077	0.000124
0.152047	-0.000074	-0.000027	0.000079
0.152107	0.000013	-0.000077	0.000078
0.152167	0.000091	-0.000314	0.000327
0.152227	0.000247	-0.000114	0.000272
0.152287	0.000052	-0.000163	0.000171
0.152347	-0.000213	-0.000167	0.000271
0.152407	0.000203	0.000065	0.000213
0.152467	0.000128	-0.000220	0.000255
0.152527	-0.000277	-0.000111	0.000299
0.152587	-0.000122	0.000227	0.000257
0.152647	-0.000055	-0.000052	0.000076
0.152707	0.000003	0.000046	0.000046
0.152767	-0.000036	-0.000118	0.000124
0.152827	-0.000228	0.000066	0.000237
0.152887	-0.000021	-0.000245	0.000246
0.152947	-0.000210	-0.000268	0.000341
0.153007	0.000169	-0.000082	0.000187
0.153067	-0.000021	-0.000005	0.000021
0.153127	0.000030	0.000473	0.000474
0.153187	0.000176	-0.000189	0.000258
0.153247	0.000037	-0.000018	0.000041
0.153307	0.000202	0.000106	0.000228
0.153367	0.000109	-0.000043	0.000117
0.153427	0.000010	-0.000080	0.000081
0.153487	0.000024	-0.000247	0.000248
0.153547	-0.000042	-0.000230	0.000234
0.153607	0.000167	0.000050	0.000175
0.153667	-0.000120	0.000007	0.000121
0.153727	0.000148	0.000068	0.000163
0.153787	-0.000250	-0.000091	0.000266
0.153847	-0.000076	0.000067	0.000102
0.153907	0.000193	0.000020	0.000194
0.153967	-0.000163	-0.000028	0.000166
0.154027	-0.000143	-0.000027	0.000146
0.154087	-0.000118	-0.000038	0.000124
0.154147	-0.000178	-0.000022	0.000179
0.154207	-0.000068	0.000156	0.000170
0.154267	0.000057	-0.000093	0.000109
0.154327	0.000102	-0.000120	0.000157
0.154387	-0.000000	-0.000152	0.000152
0.154447	-0.000005	-0.000050	0.000051
0.154507	0.000139	-0.000226	0.000265
0.154567	-0.000104	-0.000059	0.000119
0.154627	-0.000015	0.000160	0.000161
0.154687	-0.000215	0.000033	0.000217
0.154747	0.000242	0.000348	0.000424
0.154807	0.000036	-0.000142	0.000146
0.154867	0.000038	-0.000212	0.000216
0.154927	0.000219	0.000039	0.000223
0.154987	-0.000016	0.000036	0.000040
0.155047	-0.000085	-0.000160	0.000181
0.155107	0.000005	-0.000060	0.000060
0.155167	-0.000032	-0.000177	0.000180
0.155227	0.000229	0.000054	0.000235
0.155287	0.000385	-0.000123	0.000404
0.155347	0.000007	-0.000174	0.000174
0.155407	-0.000114	-0.000295	0.000316
0.155467	0.000262	-0.000160	0.000307
0.155527	-0.000104	-0.000189	0.000216
0.155587	-0.000272	0.000035	0.000274
0.155647	0.000150	-0.000145	0.000209
0.155707	-0.000091	-0.000124	0.000153
0.155767	-0.000133	-0.000059	0.000146
0.155827	0.000080	-0.000081	0.000114
0.155887	0.000041	-0.000079	0.000089
0.155947	0.000180	0.000059	0.000189
0.156007	0.000073	-0.000067	0.000099
0.156067	0.000230	0.000016	0.000231
0.156127	-0.000061	-0.000177	0.000187
0.156187	-0.000270	-0.000313	0.000413
0.156247	0.000058	0.000219	0.000227
0.156307	0.000030	-0.000036	0.000046
0.156367	0.000148	-0.000075	0.000166
0.156427	0.000053	-0.000175	0.000183
0.156487	-0.000025	0.000121	0.000124
0.156547	-0.000139	0.000035	0.000144
0.156607	0.000158	0.000222	0.000272
0.156667	0.000007	-0.000103	0.000103
0.156727	-0.000010	-0.000239	0.000239
0.156787	-0.000025	-0.000186	0.000188
0.156847	0.000080	-0.000045	0.000092
0.156907	0.000240	-0.000013	0.000240
0.156967	0.000192	0.000097	0.000216
0.157027	0.000138	0.000077	0.000159
0.157087	-0.000027	0.000007	0.000028
0.157147	0.000133	0.000337	0.000362
0.157207	-0.000013	0.000166	0.000167
0.157267	-0.000148	-0.000054	0.000157
0.157327	0.000051	0.000004	0.000051
0.157387	-0.000089	0.000002	0.000089
0.157447	-0.000222	0.000072	0.000233
0.157507	-0.000393	-0.000124	0.000412
0.157567	-0.000209	-0.000067	0.000220
0.157627	-0.000057	0.000247	0.000253
0.157687	-0.000079	-0.000184	0.000201
0.157747	0.000191	-0.000083	0.000208
0.157807	0.000076	0.000196	0.000211
0.157867	-0.000314	0.000238	0.000394
0.157927	0.000252	-0.000011	0.000252
0.157987	0.000150	0.000064	0.000163
0.158047	-0.000266	-0.000179	0.000321
0.158107	0.000003	0.000117	0.000117
0.158167	0.000067	0.000152	0.000166
0.158227	-0.000278	0.000434	0.000516
0.158287	0.000157	0.000172	0.000233
0.158347	0.000043	-0.000133	0.000140
0.158407	0.000230	-0.000190	0.000298
0.158467	0.000298	-0.000039	0.000301
0.158527	0.000155	-0.000108	0.000189
0.158587	0.000127	-0.000107	0.000166
0.158647	0.000079	-0.000114	0.000138
0.158707	-0.000160	0.000037	0.000165
0.158767	-0.000146	0.000151	0.000210
0.158827	0.000093	-0.000041	0.000102
0.158887	-0.000113	-0.000109	0.000157
0.158947	0.000281	-0.000090	0.000295
0.159007	-0.000041	-0.000059	0.000072
0.159067	-0.000131	-0.000052	0.000141
0.159127	0.000147	0.000330	0.000361
0.159187	0.000236	0.000167	0.000289
0.159247	-0.000267	0.000077	0.000278
0.159307	0.000040	-0.000062	0.000074
0.159367	-0.000189	0.000119	0.000223
0.159427	-0.000115	0.000058	0.000129
0.159487	-0.000134	0.000297	0.000326
0.159547	0.000081	-0.000014	0.000082
0.159607	0.000145	-0.000012	0.000145
0.159667	0.000163	-0.000201	0.000259
0.159727	-0.000279	0.000052	0.000284
0.159787	0.000216	-0.000074	0.000229
0.159847	-0.000168	0.000132	0.000214
0.159907	0.000101	0.000131	0.000165
0.159967	0.000041	0.000233	0.000236
0.160027	0.000165	-0.000016	0.000166
0.160087	0.000175	-0.000109	0.000206
0.160147	-0.000083	-0.000028	0.000088
0.160207	-0.000202	0.000133	0.000242
0.160267	-0.000130	0.000165	0.000209
0.160327	-0.000279	-0.000126	0.000306
0.160387	-0.000098	0.000190	0.000213
0.160447	-0.000079	0.000173	0.000190
0.160507	-0.000114	0.000117	0.000163
0.160567	-0.000062	0.000239	0.000247
0.160627	0.000010	-0.000001	0.000010
0.160687	0.000138	0.000185	0.000231
0.160747	-0.000010	0.000016	0.000019
0.160807	0.000062	0.000046	0.000078
0.160867	-0.000056	0.000212	0.000219
0.160927	-0.000155	-0.000048	0.000162
0.160987	0.000086	-0.000227	0.000243
0.161047	-0.000311	0.000250	0.000399
0.161107	0.000081	-0.000104	0.000132
0.161167	0.000057	-0.000100	0.000115
0.161227	0.000107	0.000080	0.000134
0.161287	-0.000047	0.000102	0.000112
0.161347	-0.000174	-0.000079	0.000191
0.161407	-0.000078	-0.000087	0.000117
0.161467	-0.000030	0.000037	0.000048
0.161527	-0.000318	-0.000083	0.000329
0.161587	-0.000140	0.000009	0.000140
0.161647	0.000143	0.000247	0.000285
0.161707	0.000139	-0.000167	0.000217
0.161767	-0.000032	-0.000091	0.000096
0.161827	-0.000103	0.000190	0.000216
0.161887	0.000196	-0.000022	0.000197
0.161947	-0.000128	-0.000108	0.000167
0.162007	-0.000197	-0.000183	0.000269
0.162067	-0.000051	0.000144	0.000153
0.162127	-0.000036	-0.000116	0.000121
0.162187	0.000125	-0.000034	0.000129
0.162247	0.000033	0.000058	0.000067
0.162307	0.000079	0.000125	0.000148
0.162367	-0.000066	-0.000004	0.000066
0.162427	0.000170	0.000293	0.000339
0.162487	-0.000063	-0.000127	0.000142
0.162547	0.000234	-0.000120	0.000263
0.162607	0.000105	0.000025	0.000108
0.162667	-0.000063	-0.000174	0.000185
0.162727	0.000088	-0.000041	0.000097
0.162787	-0.000023	-0.000327	0.000328
0.162847	-0.000051	-0.000032	0.000061
0.162907	0.000128	0.000321	0.000346
0.162967	0.000030	-0.000060	0.000067
0.163027	-0.000140	-0.000067	0.000155
0.163087	0.000046	-0.000129	0.000137
0.163147	0.000208	0.000345	0.000402
0.163207	0.000105	-0.000133	0.000170
0.163267	-0.000166	0.000051	0.000173
0.163327	-0.000040	0.000014	0.000042
0.163387	0.000056	0.000134	0.000145
0.163447	0.000018	-0.000020	0.000027
0.163507	0.000204	-0.000085	0.000221
0.163567	0.000060	-0.000002	0.000060
0.163627	-0.000050	-0.000037	0.000062
0.163687	0.000320	0.000189	0.000372
0.163747	-0.000231	0.000038	0.000234
0.163807	-0.000066	-0.000108	0.000127
0.163867	-0.000087	-0.000098	0.000131
0.163927	0.000199	0.000023	0.000200
0.163987	0.000044	0.000171	0.000177
0.164047	-0.000106	-0.000024	0.000109
0.164107	-0.000045	-0.000026	0.000052
0.164167	0.000019	0.000054	0.000057
0.164227	-0.000248	-0.000277	0.000372
0.164287	0.000022	-0.000098	0.000101
0.164347	0.000112	0.000099	0.000150
0.164407	0.000053	0.000115	0.000127
0.164467	0.000031	0.000059	0.000066
0.164527	-0.000147	0.000165	0.000221
0.164587	0.000024	-0.000130	0.000132
0.164647	0.000109	0.000060	0.000124
0.164707	0.000024	-0.000064	0.000069
0.164767	-0.000112	-0.000042	0.000120
0.164827	-0.000119	0.000047	0.000128
0.164887	-0.000127	0.000222	0.000256
0.164947	-0.000051	0.000101	0.000113
0.165007	-0.000322	-0.000266	0.000418
0.165067	0.000058	-0.000131	0.000144
0.165127	-0.000241	0.000140	0.000279
0.165187	0.000438	0.000212	0.000487
0.165247	0.000032	-0.000174	0.000177
0.165307	-0.000208	0.000195	0.000285
0.165367	0.000125	0.000058	0.000138
0.165427	-0.000150	0.000150	0.000212
0.165487	0.000309	0.000230	0.000385
0.165547	-0.000126	0.000120	0.000174
0.165607	-0.000076	-0.000145	0.000163
0.165667	-0.000137	0.000113	0.000177
0.165727	0.000110	-0.000049	0.000120
0.165787	-0.000164	-0.000417	0.000448
0.165847	0.000047	-0.000005	0.000047
0.165907	-0.000317	-0.000055	0.000322
0.165967	-0.000022	-0.000083	0.000086
0.166027	-0.000098	0.000095	0.000137
0.166087	-0.000004	0.000061	0.000061
0.166147	-0.000058	0.000206	0.000214
0.166207	0.000255	-0.000140	0.000290
0.166267	-0.000246	-0.000122	0.000275
0.166327	0.000087	-0.000022	0.000090
0.166387	-0.000041	-0.000161	0.000166
0.166447	-0.000100	0.000104	0.000144
0.166507	-0.000153	0.000006	0.000153
0.166567	-0.000354	0.000193	0.000403
0.166627	0.000025	-0.000154	0.000156
0.166687	0.000015	0.000014	0.000020
0.166747	-0.000123	0.000075	0.000144
0.166807	-0.000108	0.000027	0.000112
0.166867	0.000286	0.000094	0.000302
0.166927	-0.000059	0.000035	0.000068
0.166987	0.000063	-0.000078	0.000100
0.167047	0.000060	-0.000020	0.000063
0.167107	0.000052	-0.000224	0.000229
0.167167	-0.000304	0.000102	0.000321
0.167227	0.000132	-0.000166	0.000212
0.167287	-0.000102	-0.000134	0.000168
0.167347	-0.000044	0.000069	0.000082
0.167407	-0.000072	-0.000084	0.000111
0.167467	-0.000274	0.000061	0.000281
0.167527	-0.000095	0.000014	0.000096
0.167587	0.000089	0.000067	0.000111
0.167647	-0.000278	0.000071	0.000287
0.167707	-0.000053	-0.000011	0.000054
0.167767	0.000031	-0.000187	0.000189
0.167827	-0.000116	-0.000073	0.000137
0.167887	-0.000082	-0.000120	0.000145
0.167947	0.000143	0.000157	0.000212
0.168007	-0.000074	0.000026	0.000078
0.168067	0.000053	-0.000187	0.000195
0.168127	-0.000247	-0.000160	0.000294
0.168187	-0.000040	0.000058	0.000070
0.168247	0.000059	0.000155	0.000166
0.168307	0.000062	0.000042	0.000075
0.168367	0.000130	-0.000107	0.000169
0.168427	-0.000086	-0.000047	0.000098
0.168487	-0.000194	0.000155	0.000248
0.168547	0.000057	0.000134	0.000146
0.168607	0.000004	0.000096	0.000096
0.168667	-0.000249	-0.000241	0.000347
0.168727	-0.000028	0.000272	0.000274
0.168787	-0.000009	-0.000021	0.000023
0.168847	0.000000	-0.000079	0.000079
0.168907	0.000187	0.000370	0.000414
0.168967	0.000099	0.000178	0.000204
0.169027	0.000033	-0.000117	0.000122
0.169087	-0.000233	0.000040	0.000236
0.169147	-0.000171	-0.000019	0.000172
0.169207	-0.000149	0.000136	0.000202
0.169267	0.000117	-0.000058	0.000131
0.169327	-0.000108	0.000384	0.000399
0.169387	-0.000166	0.000021	0.000167
0.169447	-0.000039	0.000114	0.000121
0.169507	-0.000049	-0.000240	0.000245
0.169567	0.000053	0.000024	0.000058
0.169627	0.000318	-0.000083	0.000329
0.169687	-0.000099	-0.000266	0.000284
0.169747	0.000086	-0.000136	0.000161
0.169807	-0.000187	0.000078	0.000202
0.169867	-0.000025	-0.000012	0.000028
0.169927	0.000251	0.000116	0.000277
0.169987	0.000039	-0.000238	0.000241
0.170047	0.000185	-0.000048	0.000191
0.170107	-0.000463	-0.000018	0.000463
0.170167	0.000169	-0.000019	0.000170
0.170227	-0.000069	0.000055	0.000089
0.170287	0.000147	0.000276	0.000313
0.170347	0.000126	-0.000007	0.000126
0.170407	-0.000158	0.000089	0.000182
0.170467	-0.000125	-0.000046	0.000133
0.170527	0.000048	-0.000045	0.000066
0.170587	-0.000032	0.000040	0.000051
0.170647	-0.000069	-0.000060	0.000091
0.170707	-0.000019	0.000104	0.000106
0.170767	-0.000039	0.000005	0.000039
0.170827	0.000141	0.000295	0.000327
0.170887	0.000072	-0.000059	0.000093
0.170947	-0.000006	0.000019	0.000020
0.171007	-0.000115	0.000091	0.000147
0.171067	0.000055	-0.000119	0.000131
0.171127	0.000091	-0.000154	0.000179
0.171187	0.000082	-0.000134	0.000157
0.171247	-0.000023	-0.000219	0.000220
0.171307	-0.000117	0.000173	0.000209
0.171367	-0.000016	0.000204	0.000205
0.171427	-0.000013	0.000079	0.000080
0.171487	0.000001	0.000034	0.000034
0.171547	0.000123	-0.000121	0.000173
0.171607	0.000091	0.000233	0.000250
0.171667	-0.000012	0.000286	0.000286
0.171727	-0.000059	-0.000046	0.000074
0.171787	0.000116	-0.000096	0.000151
0.171847	-0.000207	0.000056	0.000215
0.171907	-0.000128	-0.000003	0.000128
0.171967	0.000142	-0.000158	0.000212
0.172027	0.000087	0.000126	0.000153
0.172087	0.000004	-0.000103	0.000103
0.172147	0.000189	0.000104	0.000216
0.172207	-0.000111	-0.000002	0.000111
0.172267	-0.000182	0.000067	0.000194
0.172327	0.000032	-0.000036	0.000048
0.172387	-0.000133	0.000026	0.000136
0.172447	-0.000173	0.000044	0.000178
0.172507	0.000009	-0.000190	0.000190
0.172567	0.000297	-0.000061	0.000303
0.172627	-0.000180	-0.000005	0.000180
0.172687	-0.000054	0.000204	0.000211
0.172747	0.000080	0.000102	0.000129
0.172807	0.000027	0.000147	0.000149
0.172867	0.000151	0.000104	0.000184
0.172927	0.000063	0.000251	0.000259
0.172987	0.000004	-0.000119	0.000119
0.173047	-0.000023	0.000065	0.000068
0.173107	-0.000093	-0.000069	0.000116
0.173167	-0.000253	-0.000033	0.000255
0.173227	0.000290	0.000164	0.000333
0.173287	-0.000313	-0.000050	0.000317
0.173347	0.000118	-0.000356	0.000375
0.173407	-0.000080	0.000092	0.000122
0.173467	-0.000169	-0.000043	0.000175
0.173527	0.000004	0.000046	0.000046
0.173587	0.000084	-0.000314	0.000325
0.173647	-0.000229	0.000198	0.000303
0.173707	-0.000182	-0.000090	0.000203
0.173767	0.000092	-0.000253	0.000269
0.173827	-0.000193	0.000137	0.000237
0.173887	-0.000021	0.000037	0.000042
0.173947	0.000065	-0.000213	0.000223
0.174007	0.000128	-0.000090	0.000156
0.174067	-0.000024	0.000003	0.000024
0.174127	0.000040	-0.000181	0.000185
0.174187	0.000366	-0.000289	0.000467
0.174247	0.000043	-0.000163	0.000168
0.174307	-0.000141	0.000281	0.000314
0.174367	-0.000168	0.000059	0.000178
0.174427	-0.000076	-0.000187	0.000202
0.174487	-0.000129	0.000043	0.000135
0.174547	0.000065	0.000110	0.000128
0.174607	0.000316	0.000056	0.000321
0.174667	-0.000129	0.000026	0.000132
0.174727	0.000266	-0.000068	0.000275
0.174787	0.000051	0.000106	0.000117
0.174847	-0.000045	0.000155	0.000162
0.174907	0.000084	-0.000038	0.000092
0.174967	0.000101	0.000189	0.000215
0.175027	0.000072	0.000102	0.000124
0.175087	-0.000111	-0.000207	0.000235
0.175147	-0.000008	-0.000007	0.000011
0.175207	0.000154	0.000075	0.000172
0.175267	-0.000170	0.000026	0.000172
0.175327	0.000012	-0.000075	0.000076
0.175387	-0.000005	0.000003	0.000006
0.175447	0.000007	-0.000278	0.000278
0.175507	0.000154	0.000183	0.000240
0.175567	-0.000255	-0.000301	0.000395
0.175627	-0.000091	-0.000115	0.000147
0.175687	0.000133	-0.000144	0.000196
0.175747	-0.000086	0.000157	0.000179
0.175807	0.000003	-0.000080	0.000080
0.175867	-0.000062	-0.000113	0.000129
0.175927	-0.000045	-0.000059	0.000074
0.175987	-0.000076	0.000083	0.000112
0.176047	-0.000122	-0.000000	0.000122
0.176107	0.000024	-0.000044	0.000050
0.176167	0.000129	-0.000238	0.000271
0.176227	0.000046	0.000280	0.000283
0.176287	-0.000050	-0.000102	0.000113
0.176347	-0.000083	-0.000285	0.000297
0.176407	-0.000003	0.000015	0.000015
0.176467	0.000063	0.000054	0.000083
0.176527	0.000064	-0.000270	0.000277
0.176587	-0.000107	-0.000275	0.000295
0.176647	0.000025	0.000028	0.000037
0.176707	-0.000088	-0.000285	0.000299
0.176767	-0.000122	-0.000121	0.000172
0.176827	-0.000150	-0.000160	0.000219
0.176887	-0.000203	-0.000256	0.000327
0.176947	0.000093	0.000014	0.000094
0.177007	-0.000127	0.000182	0.000222
0.177067	0.000038	-0.000113	0.000119
0.177127	-0.000025	-0.000011	0.000027
0.177187	-0.000050	0.000127	0.000137
0.177247	-0.000190	-0.000332	0.000383
0.177307	0.000090	-0.000072	0.000116
0.177367	0.000047	-0.000138	0.000146
0.177427	-0.000128	0.000212	0.000248
0.177487	-0.000141	0.000167	0.000218
0.177547	-0.000204	0.000008	0.000204
0.177607	0.000125	0.000015	0.000126
0.177667	-0.000010	-0.000163	0.000163
0.177727	0.000072	0.000095	0.000119
0.177787	-0.000072	0.000169	0.000183
0.177847	0.000132	0.000070	0.000150
0.177907	0.000127	-0.000010	0.000127
0.177967	0.000037	-0.000114	0.000120
0.178027	0.000312	0.000117	0.000333
0.178087	0.000128	-0.000152	0.000199
0.178147	-0.000193	0.000243	0.000310
0.178207	-0.000033	0.000171	0.000174
0.178267	-0.000207	0.000237	0.000315
0.178327	-0.000166	-0.000021	0.000167
0.178387	-0.000314	0.000091	0.000327
0.178447	-0.000218	-0.000124	0.000251
0.178507	-0.000039	0.000092	0.000100
0.178567	0.000023	0.000027	0.000036
0.178627	0.000047	-0.000036	0.000059
0.178687	0.000027	0.000008	0.000028
0.178747	-0.000052	0.000013	0.000054
0.178807	-0.000140	-0.000097	0.000170
0.178867	0.000075	0.000128	0.000149
0.178927	-0.000159	-0.000137	0.000209
0.178987	0.000028	0.000047	0.000055
0.179047	0.000177	-0.000156	0.000236
0.179107	0.000195	-0.000135	0.000237
0.179167	-0.000253	-0.000039	0.000256
0.179227	0.000024	0.000143	0.000145
0.179287	0.000132	0.000179	0.000222
0.179347	0.000062	0.000155	0.000167
0.179407	0.000295	-0.000097	0.000311
0.179467	-0.000027	0.000032	0.000042
0.179527	-0.000021	0.000248	0.000249
0.179587	0.000061	0.000144	0.000156
0.179647	-0.000079	0.000047	0.000091
0.179707	-0.000229	-0.000049	0.000234
0.179767	-0.000164	0.000116	0.000201
0.179827	0.000058	-0.000000	0.000058
0.179887	0.000082	-0.000141	0.000163
0.179947	-0.000115	-0.000018	0.000117
0.180007	0.000086	-0.000027	0.000090
0.180067	0.000182	-0.000039	0.000186
0.180127	0.000330	0.000036	0.000332
0.180187	0.000424	0.000035	0.000425
0.180247	-0.000041	0.000024	0.000047
0.180307	-0.000039	0.000115	0.000121
0.180367	-0.000089	-0.000193	0.000213
0.180427	0.000155	-0.000027	0.000158
0.180487	0.000064	-0.000009	0.000065
0.180547	0.000193	0.000013	0.000193
0.180607	-0.000084	-0.000112	0.000140
0.180667	-0.000336	-0.000026	0.000337
0.180727	0.000252	0.000201	0.000323
0.180787	-0.000086	-0.000086	0.000121
0.180847	-0.000025	-0.000055	0.000060
0.180907	-0.000047	-0.000129	0.000137
0.180967	-0.000096	-0.000082	0.000126
0.181027	-0.000034	-0.000185	0.000188
0.181087	-0.000044	-0.000088	0.000099
0.181147	-0.000017	0.000160	0.000161
0.181207	-0.000056	0.000070	0.000090
0.181267	0.000070	-0.000057	0.000090
0.181327	-0.000072	-0.000103	0.000126
0.181387	0.000026	0.000187	0.000189
0.181447	0.000160	-0.000002	0.000160
0.181507	-0.000031	0.000004	0.000031
0.181567	-0.000156	-0.000102	0.000186
0.181627	-0.000032	0.000073	0.000080
0.181687	0.000163	0.000238	0.000289
0.181747	0.000005	-0.000162	0.000162
0.181807	-0.000069	-0.000007	0.000070
0.181867	-0.000250	0.000068	0.000260
0.181927	0.000079	0.000077	0.000110
0.181987	0.000198	-0.000010	0.000198
0.182047	0.000192	-0.000033	0.000194
0.182107	0.000420	0.000018	0.000420
0.182167	0.000094	0.000206	0.000226
0.182227	0.000082	-0.000233	0.000247
0.182287	0.000234	-0.000168	0.000288
0.182347	0.000327	0.000159	0.000364
0.182407	0.000003	0.000145	0.000145
0.182467	-0.000011	-0.000042	0.000043
0.182527	0.000062	-0.000011	0.000063
0.182587	-0.000201	0.000001	0.000201
0.182647	-0.000248	0.000218	0.000330
0.182707	-0.000119	-0.000076	0.000141
0.182767	-0.000151	-0.000121	0.000193
0.182827	-0.000150	0.000115	0.000189
0.182887	-0.000208	-0.000195	0.000285
0.182947	-0.000212	-0.000113	0.000240
0.183007	0.000022	0.000019	0.000029
0.183067	-0.000141	-0.000154	0.000209
0.183127	-0.000122	0.000027	0.000125
0.183187	-0.000210	-0.000032	0.000213
0.183247	0.000254	-0.000278	0.000377
0.183307	-0.000118	0.000049	0.000128
0.183367	0.000177	-0.000033	0.000180
0.183427	0.000137	0.000051	0.000146
0.183487	-0.000222	-0.000101	0.000244
0.183547	-0.000050	-0.000010	0.000051
0.183607	0.000009	-0.000082	0.000083
0.183667	-0.000224	-0.000077	0.000237
0.183727	0.000012	0.000023	0.000026
0.183787	-0.000346	-0.000123	0.000367
0.183847	-0.000132	-0.000030	0.000135
0.183907	-0.000070	-0.000197	0.000209
0.183967	0.000026	0.000019	0.000032
0.184027	0.000059	0.000180	0.000190
0.184087	0.000229	-0.000022	0.000230
0.184147	0.000396	0.000097	0.000408
0.184207	0.000071	0.000023	0.000075
0.184267	0.000098	-0.000071	0.000121
0.184327	-0.000204	-0.000159	0.000259
0.184387	-0.000146	-0.000073	0.000163
0.184447	-0.000032	0.000311	0.000313
0.184507	0.000248	-0.000038	0.000251
0.184567	0.000199	0.000324	0.000380
0.184627	-0.000012	-0.000050	0.000051
0.184687	0.000025	-0.000041	0.000048
0.184747	0.000060	0.000095	0.000113
0.184807	0.000093	0.000107	0.000142
0.184867	0.000224	-0.000024	0.000225
0.184927	-0.000064	0.000140	0.000154
0.184987	0.000069	-0.000056	0.000089
0.185047	-0.000086	-0.000086	0.000122
0.185107	0.000211	-0.000451	0.000498
0.185167	0.000147	0.000152	0.000211
0.185227	-0.000241	0.000070	0.000251
0.185287	-0.000015	0.000083	0.000084
0.185347	-0.000159	0.000094	0.000185
0.185407	0.000007	-0.000015	0.000017
0.185467	-0.000042	-0.000026	0.000049
0.185527	0.000171	0.000031	0.000174
0.185587	-0.000027	0.000113	0.000116
0.185647	-0.000129	0.000267	0.000296
0.185707	0.000164	0.000028	0.000166
0.185767	0.000263	0.000242	0.000358
0.185827	-0.000136	0.000230	0.000268
0.185887	-0.000066	0.000279	0.000286
0.185947	-0.000301	-0.000210	0.000367
0.186007	-0.000235	-0.000323	0.000399
0.186067	0.000154	0.000052	0.000163
0.186127	-0.000182	-0.000067	0.000194
0.186187	-0.000117	-0.000046	0.000125
0.186247	0.000050	-0.000020	0.000054
0.186307	-0.000037	-0.000170	0.000174
0.186367	-0.000069	-0.000089	0.000113
0.186427	0.000124	0.000113	0.000167
0.186487	-0.000047	-0.000031	0.000056
0.186547	-0.000201	0.000060	0.000209
0.186607	-0.000184	0.000016	0.000184
0.186667	-0.000004	0.000139	0.000139
0.186727	0.000109	0.000181	0.000211
0.186787	0.000051	-0.000064	0.000082
0.186847	-0.000002	0.000148	0.000148
0.186907	0.000329	0.000297	0.000444
0.186967	-0.000225	-0.000276	0.000356
0.187027	-0.000231	0.000175	0.000290
0.187087	-0.000120	-0.000114	0.000165
0.187147	0.000031	-0.000278	0.000280
0.187207	-0.000023	-0.000176	0.000177
0.187267	0.000117	-0.000221	0.000250
0.187327	-0.000068	-0.000000	0.000068
0.187387	-0.000079	0.000158	0.000176
0.187447	0.000025	-0.000255	0.000256
0.187507	0.000117	-0.000034	0.000122
0.187567	-0.000005	-0.000106	0.000106
0.187627	-0.000397	-0.000139	0.000420
0.187687	-0.000059	-0.000251	0.000257
0.187747	-0.000123	-0.000005	0.000123
0.187807	-0.000074	0.000213	0.000226
0.187867	0.000008	-0.000108	0.000109
0.187927	-0.000007	-0.000067	0.000067
0.187987	-0.000049	0.000079	0.000092
0.188047	0.000140	-0.000281	0.000314
0.188107	-0.000051	0.000079	0.000094
0.188167	-0.000025	0.000039	0.000047
0.188227	-0.000148	0.000090	0.000173
0.188287	0.000049	0.000265	0.000269
0.188347	-0.000194	-0.000008	0.000195
0.188407	-0.000108	0.000141	0.000177
0.188467	0.000167	0.000076	0.000184
0.188527	-0.000099	0.000024	0.000102
0.188587	0.000362	0.000322	0.000485
0.188647	-0.000091	-0.000163	0.000187
0.188707	-0.000077	0.000080	0.000111
0.188767	0.000137	-0.000036	0.000142
0.188827	0.000041	0.000097	0.000105
0.188887	-0.000174	-0.000083	0.000193
0.188947	-0.000084	-0.000137	0.000161
0.189007	-0.000124	-0.000102	0.000161
0.189067	-0.000113	0.000131	0.000173
0.189127	-0.000082	-0.000026	0.000086
0.189187	-0.000166	0.000103	0.000195
0.189247	-0.000038	0.000147	0.000152
0.189307	-0.000078	-0.000195	0.000210
0.189367	0.000169	-0.000018	0.000170
0.189427	-0.000091	0.000124	0.000154
0.189487	-0.000131	0.000036	0.000136
0.189547	0.000118	0.000029	0.000122
0.189607	0.000012	0.000205	0.000206
0.189667	0.000074	-0.000155	0.000172
0.189727	-0.000183	-0.000283	0.000337
0.189787	-0.000065	-0.000016	0.000066
0.189847	0.000080	-0.000062	0.000101
0.189907	0.000029	-0.000421	0.000422
0.189967	-0.000062	0.000408	0.000413
0.190027	0.000100	0.000200	0.000224
0.190087	-0.000401	0.000053	0.000404
0.190147	-0.000125	0.000034	0.000130
0.190207	-0.000074	-0.000248	0.000259
0.190267	-0.000161	-0.000231	0.000281
0.190327	0.000123	-0.000015	0.000124
0.190387	-0.000046	0.000130	0.000138
0.190447	-0.000022	0.000216	0.000217
0.190507	-0.000284	-0.000141	0.000317
0.190567	-0.000010	0.000208	0.000208
0.190627	-0.000087	-0.000093	0.000127
0.190687	-0.000104	-0.000133	0.000169
0.190747	0.000071	-0.000197	0.000210
0.190807	-0.000337	0.000170	0.000377
0.190867	0.000339	-0.000017	0.000339
0.190927	0.000084	-0.000068	0.000107
0.190987	0.000162	-0.000013	0.000163
0.191047	-0.000065	0.000027	0.000070
0.191107	-0.000266	-0.000095	0.000283
0.191167	-0.000186	0.000027	0.000188
0.191227	-0.000096	0.000078	0.000123
0.191287	0.000111	-0.000015	0.000112
0.191347	0.000095	-0.000167	0.000192
0.191407	0.000062	0.000072	0.000095
0.191467	-0.000066	0.000003	0.000066
0.191527	-0.000062	-0.000135	0.000148
0.191587	0.000149	0.000235	0.000278
0.191647	0.000047	0.000078	0.000091
0.191707	0.000119	0.000068	0.000137
0.191767	0.000017	0.000127	0.000128
0.191827	0.000084	-0.000040	0.000093
0.191887	0.000072	0.000029	0.000078
0.191947	-0.000330	-0.000178	0.000375
0.192007	0.000075	-0.000104	0.000128
0.192067	0.000085	0.000362	0.000371
0.192127	-0.000156	0.000016	0.000157
0.192187	-0.000298	-0.000002	0.000298
0.192247	0.000172	0.000452	0.000484
0.192307	-0.000017	-0.000100	0.000101
0.192367	-0.000019	0.000014	0.000024
0.192427	-0.000247	0.000039	0.000250
0.192487	-0.000280	-0.000131	0.000309
0.192547	-0.000225	0.000145	0.000267
0.192607	0.000125	-0.000041	0.000131
0.192667	-0.000158	0.000520	0.000544
0.192727	0.000093	0.000251	0.000268
0.192787	0.000113	0.000100	0.000151
0.192847	-0.000039	0.000147	0.000152
0.192907	0.000047	0.000138	0.000146
0.192967	-0.000071	-0.000238	0.000248
0.193027	-0.000110	0.000183	0.000213
0.193087	-0.000191	0.000032	0.000194
0.193147	-0.000102	0.000006	0.000102
0.193207	0.000114	0.000178	0.000211
0.193267	0.000033	-0.000013	0.000036
0.193327	-0.000178	0.000141	0.000228
0.193387	-0.000088	-0.000059	0.000106
0.193447	-0.000016	-0.000178	0.000179
0.193507	0.000188	-0.000008	0.000188
0.193567	-0.000211	0.000032	0.000213
0.193627	-0.000150	0.000082	0.000171
0.193687	-0.000216	-0.000036	0.000219
0.193747	-0.000139	0.000297	0.000328
0.193807	-0.000120	-0.000030	0.000124
0.193867	-0.000123	0.000124	0.000174
0.193927	0.000132	-0.000123	0.000180
0.193987	-0.000099	-0.000069	0.000121
0.194047	-0.000092	0.000158	0.000182
0.194107	-0.000131	0.000059	0.000144
0.194167	-0.000240	-0.000156	0.000286
0.194227	-0.000159	0.000184	0.000243
0.194287	0.000005	-0.000210	0.000210
0.194347	0.000053	-0.000259	0.000264
0.194407	0.000194	0.000100	0.000218
0.194467	-0.000153	-0.000050	0.000161
0.194527	-0.000163	-0.000057	0.000173
0.194587	-0.000145	-0.000007	0.000145
0.194647	0.000023	-0.000112	0.000115
0.194707	0.000130	-0.000006	0.000131
0.194767	-0.000066	-0.000087	0.000109
0.194827	-0.000094	0.000183	0.000206
0.194887	0.000060	-0.000051	0.000079
0.194947	-0.000304	0.000057	0.000309
0.195007	0.000187	0.000174	0.000256
0.195067	-0.000039	-0.000145	0.000150
0.195127	0.000059	-0.000116	0.000130
0.195187	0.000032	0.000392	0.000393
0.195247	-0.000210	0.000037	0.000213
0.195307	-0.000266	-0.000114	0.000289
0.195367	-0.000210	-0.000036	0.000213
0.195427	0.000269	0.000133	0.000300
0.195487	0.000034	-0.000073	0.000081
0.195547	0.000220	-0.000044	0.000225
0.195607	0.000001	-0.000074	0.000074
0.195667	-0.000002	0.000015	0.000015
0.195727	-0.000241	-0.000299	0.000384
0.195787	-0.000111	-0.000082	0.000138
0.195847	0.000247	-0.000082	0.000260
0.195907	-0.000018	0.000013	0.000022
0.195967	-0.000279	-0.000141	0.000312
0.196027	-0.000002	0.000029	0.000030
0.196087	-0.000115	-0.000104	0.000155
0.196147	-0.000043	-0.000142	0.000148
0.196207	-0.000003	-0.000215	0.000215
0.196267	0.000169	0.000169	0.000239
0.196327	0.000110	0.000036	0.000116
0.196387	-0.000071	-0.000149	0.000165
0.196447	0.000204	-0.000022	0.000205
0.196507	-0.000202	-0.000152	0.000253
0.196567	-0.000169	0.000106	0.000199
0.196627	-0.000249	-0.000051	0.000254
0.196687	-0.000132	-0.000091	0.000160
0.196747	0.000045	-0.000054	0.000070
0.196807	0.000151	-0.000257	0.000298
0.196867	0.000139	-0.000296	0.000327
0.196927	0.000038	-0.000069	0.000079
0.196987	-0.000000	-0.000108	0.000108
0.197047	-0.000221	-0.000197	0.000295
0.197107	0.000107	-0.000121	0.000162
0.197167	-0.000048	0.000128	0.000137
0.197227	0.000067	-0.000194	0.000205
0.197287	-0.000156	0.000092	0.000182
0.197347	-0.000049	-0.000027	0.000056
0.197407	0.000068	-0.000054	0.000087
0.197467	-0.000048	0.000071	0.000086
0.197527	-0.000082	0.000009	0.000082
0.197587	-0.000152	0.000193	0.000245
0.197647	-0.000098	-0.000125	0.000159
0.197707	-0.000114	0.000122	0.000167
0.197767	-0.000120	-0.000217	0.000248
0.197827	-0.000086	-0.000195	0.000213
0.197887	-0.000095	0.000042	0.000104
0.197947	0.000147	0.000013	0.000147
0.198007	-0.000031	-0.000085	0.000090
0.198067	0.000000	-0.000185	0.000185
0.198127	-0.000102	-0.000096	0.000140
0.198187	0.000156	-0.000296	0.000335
0.198247	-0.000110	0.000170	0.000203
0.198307	-0.000109	-0.000056	0.000123
0.198367	0.000115	-0.000018	0.000117
0.198427	0.000046	-0.000143	0.000150
0.198487	0.000056	0.000046	0.000072
0.198547	0.000024	-0.000147	0.000149
0.198607	-0.000114	-0.000049	0.000124
0.198667	-0.000180	-0.000161	0.000241
0.198727	0.000060	0.000109	0.000124
0.198787	-0.000218	0.000263	0.000342
0.198847	-0.000092	-0.000046	0.000103
0.198907	-0.000018	0.000071	0.000073
0.198967	0.000095	-0.000255	0.000272
0.199027	-0.000004	-0.000000	0.000004
0.199087	0.000023	-0.000172	0.000174
0.199147	0.000124	-0.000210	0.000244
0.199207	0.000086	-0.000013	0.000087
0.199267	-0.000065	0.000034	0.000073
0.199327	0.000280	0.000162	0.000323
0.199387	0.000092	-0.000093	0.000131
0.199447	0.000093	0.000043	0.000103
0.199507	0.000061	0.000027	0.000066
0.199567	-0.000183	-0.000051	0.000190
0.199627	-0.000325	0.000049	0.000328
0.199687	-0.000080	0.000038	0.000088
0.199747	-0.000074	0.000073	0.000104
0.199807	-0.000269	0.000082	0.000281
0.199867	-0.000022	0.000322	0.000323
0.199927	-0.000272	0.000105	0.000291
0.199987	0.000120	-0.000111	0.000163
0.200047	0.000048	0.000056	0.000074
0.200107	-0.000027	-0.000050	0.000057
0.200167	0.000079	-0.000177	0.000194
0.200227	0.000147	0.000071	0.000163
0.200287	-0.000018	-0.000049	0.000052
0.200347	-0.000067	-0.000031	0.000074
0.200407	-0.000094	0.000005	0.000094
0.200467	0.000071	0.000032	0.000078
0.200527	0.000161	0.000042	0.000166
0.200587	-0.000097	0.000114	0.000150
0.200647	0.000087	0.000113	0.000143
0.200707	-0.000082	0.000075	0.000111
0.200767	0.000019	0.000171	0.000172
0.200827	-0.000035	-0.000205	0.000208
0.200887	0.000035	-0.000263	0.000265
0.200947	-0.000027	0.000007	0.000028
0.201007	-0.000092	-0.000218	0.000237
0.201067	-0.000034	0.000164	0.000168
0.201127	0.000036	-0.000016	0.000040
0.201187	0.000046	-0.000044	0.000064
0.201247	-0.000194	-0.000094	0.000215
0.201307	-0.000027	0.000025	0.000037
0.201367	-0.000146	-0.000090	0.000171
0.201427	0.000401	0.000050	0.000404
0.201487	-0.000218	-0.000258	0.000337
0.201547	-0.000124	0.000094	0.000156
0.201607	-0.000095	0.000063	0.000114
0.201667	0.000056	0.000034	0.000066
0.201727	-0.000245	0.000331	0.000412
0.201787	-0.000119	-0.000039	0.000125
0.201847	0.000341	0.000013	0.000342
0.201907	-0.000056	-0.000075	0.000093
0.201967	-0.000149	0.000247	0.000288
0.202027	-0.000216	-0.000099	0.000238
0.202087	-0.000109	0.000197	0.000225
0.202147	0.000026	-0.000043	0.000050
0.202207	0.000108	0.000258	0.000280
0.202267	0.000156	-0.000073	0.000172
0.202327	-0.000074	0.000192	0.000205
0.202387	-0.000073	0.000002	0.000073
0.202447	-0.000095	-0.000113	0.000147
0.202507	-0.000098	-0.000028	0.000102
0.202567	0.000188	-0.000042	0.000192
0.202627	0.000001	-0.000214	0.000214
0.202687	-0.000039	-0.000004	0.000039
0.202747	-0.000067	-0.000005	0.000067
0.202807	-0.000187	0.000234	0.000299
0.202867	-0.000005	-0.000067	0.000067
0.202927	0.000034	-0.000114	0.000118
0.202987	0.000132	0.000085	0.000157
0.203047	-0.000224	-0.000035	0.000227
0.203107	0.000120	-0.000027	0.000123
0.203167	-0.000096	0.000166	0.000192
0.203227	0.000161	0.000113	0.000197
0.203287	0.000214	-0.000136	0.000254
0.203347	-0.000122	-0.000059	0.000136
0.203407	0.000096	-0.000333	0.000347
0.203467	-0.000253	0.000459	0.000524
0.203527	0.000203	-0.000063	0.000213
0.203587	0.000024	0.000177	0.000178
0.203647	0.000127	-0.000463	0.000480
0.203707	0.000163	0.000045	0.000169
0.203767	-0.000124	0.000277	0.000304
0.203827	-0.000258	0.000054	0.000264
0.203887	-0.000248	0.000047	0.000252
0.203947	-0.000005	0.000168	0.000168
0.204007	0.000158	0.000225	0.000275
0.204067	0.000005	-0.000083	0.000083
0.204127	0.000112	0.000114	0.000160
0.204187	-0.000011	-0.000166	0.000166
0.204247	0.000204	-0.000044	0.000209
0.204307	0.000067	-0.000019	0.000070
0.204367	0.000139	-0.000026	0.000141
0.204427	0.000122	0.000184	0.000221
0.204487	0.000016	-0.000071	0.000073
0.204547	-0.000050	0.000120	0.000130
0.204607	0.000096	-0.000158	0.000185
0.204667	-0.000000	0.000138	0.000138
0.204727	0.000134	0.000150	0.000201
0.204787	-0.000049	0.000061	0.000079
0.204847	-0.000134	0.000023	0.000136
0.204907	-0.000098	-0.000000	0.000098
0.204967	0.000048	0.000012	0.000049
0.205027	0.000005	0.000053	0.000053
0.205087	-0.000146	-0.000092	0.000172
0.205147	0.000013	0.000228	0.000229
0.205207	-0.000006	0.000049	0.000049
0.205267	0.000108	-0.000049	0.000119
0.205327	0.000105	0.000081	0.000133
0.205387	0.000032	-0.000226	0.000228
0.205447	-0.000270	-0.000090	0.000285
0.205507	-0.000132	0.000086	0.000157
0.205567	-0.000082	0.000086	0.000119
0.205627	-0.000114	-0.000139	0.000180
0.205687	-0.000091	-0.000070	0.000115
0.205747	-0.000206	0.000039	0.000210
0.205807	0.000174	0.000105	0.000203
0.205867	-0.000436	-0.000118	0.000452
0.205927	0.000051	0.000192	0.000198
0.205987	0.000068	0.000055	0.000087
0.206047	-0.000202	0.000252	0.000323
0.206107	-0.000061	-0.000110	0.000126
0.206167	0.000017	-0.000074	0.000076
0.206227	0.000126	0.000126	0.000178
0.206287	-0.000250	0.000012	0.000250
0.206347	0.000132	0.000100	0.000166
0.206407	-0.000156	-0.000036	0.000160
0.206467	-0.000043	0.000127	0.000134
0.206527	-0.000034	-0.000127	0.000132
0.206587	0.000044	-0.000293	0.000296
0.206647	0.000065	-0.000094	0.000114
0.206707	0.000127	0.000049	0.000136
0.206767	0.000006	-0.000261	0.000261
0.206827	0.000078	-0.000185	0.000201
0.206887	-0.000095	0.000003	0.000095
0.206947	-0.000002	0.000169	0.000169
0.207007	0.000136	0.000152	0.000204
0.207067	-0.000200	-0.000090	0.000220
0.207127	0.000154	0.000017	0.000155
0.207187	-0.000106	-0.000054	0.000119
0.207247	-0.000104	-0.000042	0.000112
0.207307	0.000104	0.000058	0.000119
0.207367	0.000116	-0.000036	0.000122
0.207427	-0.000063	0.000140	0.000153
0.207487	0.000081	-0.000136	0.000159
0.207547	-0.000054	-0.000178	0.000186
0.207607	-0.000038	0.000036	0.000053
0.207667	0.000051	-0.000006	0.000052
0.207727	-0.000136	-0.000091	0.000164
0.207787	-0.000013	-0.000203	0.000203
0.207847	-0.000200	-0.000159	0.000256
0.207907	0.000018	0.000115	0.000117
0.207967	-0.000044	-0.000030	0.000053
0.208027	0.000212	-0.000058	0.000220
0.208087	0.000027	0.000261	0.000262
0.208147	0.000201	-0.000323	0.000380
0.208207	0.000030	0.000089	0.000094
0.208267	0.000103	-0.000039	0.000110
0.208327	-0.000068	-0.000086	0.000110
0.208387	-0.000285	-0.000304	0.000417
0.208447	-0.000058	0.000144	0.000155
0.208507	-0.000053	0.000122	0.000133
0.208567	0.000013	-0.000067	0.000068
0.208627	0.000299	-0.000252	0.000391
0.208687	-0.000020	0.000053	0.000056
0.208747	0.000173	-0.000096	0.000198
0.208807	0.000002	0.000094	0.000094
0.208867	0.000121	0.000116	0.000168
0.208927	-0.000223	0.000080	0.000237
0.208987	-0.000166	0.000382	0.000416
0.209047	-0.000048	-0.000167	0.000174
0.209107	0.000015	0.000103	0.000104
0.209167	0.000171	-0.000011	0.000172
0.209227	-0.000123	0.000110	0.000164
0.209287	0.000130	-0.000085	0.000156
0.209347	0.000030	-0.000024	0.000038
0.209407	0.000154	0.000135	0.000205
0.209467	0.000084	-0.000171	0.000190
0.209527	-0.000047	0.000056	0.000073
0.209587	-0.000205	-0.000097	0.000226
0.209647	-0.000156	0.000112	0.000192
0.209707	-0.000119	-0.000068	0.000137
0.209767	0.000042	-0.000142	0.000149
0.209827	-0.000076	0.000154	0.000171
0.209887	0.000099	0.000069	0.000121
0.209947	-0.000096	-0.000284	0.000300
0.210007	0.000193	0.000029	0.000195
0.210067	0.000003	0.000057	0.000057
0.210127	-0.000137	-0.000220	0.000260
0.210187	0.000025	-0.000012	0.000028
0.210247	0.000250	-0.000143	0.000288
0.210307	-0.000292	-0.000045	0.000296
0.210367	0.000090	-0.000007	0.000090
0.210427	-0.000305	-0.000034	0.000306
0.210487	-0.000065	0.000019	0.000067
0.210547	-0.000016	-0.000053	0.000055
0.210607	0.000027	0.000197	0.000199
0.210667	-0.000123	0.000102	0.000160
0.210727	0.000098	-0.000360	0.000373
0.210787	-0.000145	-0.000236	0.000277
0.210847	-0.000139	-0.000134	0.000194
0.210907	-0.000293	-0.000024	0.000294
0.210967	0.000101	-0.000214	0.000236
0.211027	-0.000050	0.000092	0.000105
0.211087	-0.000257	-0.000192	0.000321
0.211147	-0.000033	-0.000147	0.000151
0.211207	-0.000157	-0.000019	0.000159
0.211267	0.000252	-0.000048	0.000257
0.211327	0.000077	-0.000092	0.000120
0.211387	0.000174	0.000296	0.000344
0.211447	-0.000241	0.000086	0.000256
0.211507	0.000258	-0.000397	0.000474
0.211567	-0.000198	-0.000057	0.000206
0.211627	0.000047	0.000063	0.000078
0.211687	0.000008	0.000124	0.000124
0.211747	-0.000379	0.000073	0.000385
0.211807	0.000230	-0.000010	0.000231
0.211867	-0.000081	-0.000090	0.000121
0.211927	0.000314	0.000064	0.000320
0.211987	0.000128	0.000041	0.000134
0.212047	0.000046	0.000069	0.000083
0.212107	-0.000172	-0.000159	0.000234
0.212167	-0.000027	-0.000058	0.000064
0.212227	0.000189	-0.000009	0.000190
0.212287	0.000021	0.000130	0.000131
0.212347	0.000026	-0.000004	0.000026
0.212407	-0.000196	-0.000177	0.000264
0.212467	-0.000398	0.000207	0.000448
0.212527	-0.000032	-0.000169	0.000172
0.212587	-0.000107	-0.000013	0.000108
0.212647	0.000143	0.000073	0.000161
0.212707	-0.000093	0.000344	0.000356
0.212767	0.000191	-0.000029	0.000193
0.212827	-0.000357	-0.000172	0.000396
0.212887	-0.000197	-0.000105	0.000224
0.212947	0.000009	-0.000053	0.000054
0.213007	-0.000266	-0.000184	0.000323
0.213067	-0.000012	0.000063	0.000064
0.213127	-0.000049	0.000040	0.000064
0.213187	0.000013	0.000002	0.000013
0.213247	-0.000183	-0.000080	0.000200
0.213307	0.000027	0.000101	0.000104
0.213367	-0.000120	-0.000047	0.000129
0.213427	-0.000070	-0.000160	0.000175
0.213487	0.000228	-0.000134	0.000265
0.213547	0.000201	0.000234	0.000308
0.213607	0.000057	0.000132	0.000144
0.213667	0.000153	0.000245	0.000289
0.213727	-0.000043	0.000112	0.000120
0.213787	0.000093	0.000016	0.000095
0.213847	0.000159	-0.000294	0.000335
0.213907	-0.000189	0.000152	0.000243
0.213967	-0.000209	0.000176	0.000273
0.214027	-0.000052	-0.000090	0.000104
0.214087	0.000178	0.000203	0.000271
0.214147	-0.000123	0.000180	0.000218
0.214207	0.000191	0.000102	0.000216
0.214267	-0.000011	-0.000206	0.000206
0.214327	-0.000116	0.000067	0.000134
0.214387	-0.000288	-0.000192	0.000346
0.214447	0.000049	0.000161	0.000168
0.214507	-0.000015	-0.000097	0.000098
0.214567	0.000038	-0.000337	0.000339
0.214627	-0.000166	-0.000154	0.000227
0.214687	0.000138	-0.000012	0.000139
0.214747	0.000009	-0.000071	0.000071
0.214807	0.000322	0.000227	0.000394
0.214867	-0.000059	-0.000022	0.000063
0.214927	-0.000140	-0.000179	0.000227
0.214987	0.000079	-0.000149	0.000168
0.215047	-0.000191	0.000122	0.000227
0.215107	-0.000093	-0.000019	0.000095
0.215167	-0.000165	-0.000028	0.000167
0.215227	-0.000039	-0.000077	0.000086
0.215287	0.000098	-0.000201	0.000224
0.215347	0.000162	0.000036	0.000166
0.215407	-0.000312	0.000106	0.000329
0.215467	0.000157	-0.000222	0.000272
0.215527	0.000037	0.000103	0.000109
0.215587	-0.000032	0.000230	0.000232
0.215647	0.000090	0.000127	0.000156
0.215707	-0.000215	-0.000280	0.000354
0.215767	-0.000064	-0.000271	0.000279
0.215827	-0.000033	0.000067	0.000074
0.215887	0.000130	-0.000125	0.000180
0.215947	-0.000156	-0.000167	0.000228
0.216007	-0.000053	-0.000102	0.000115
0.216067	-0.000069	0.000269	0.000277
0.216127	-0.000168	0.000020	0.000169
0.216187	0.000168	0.000264	0.000313
0.216247	-0.000084	0.000314	0.000325
0.216307	-0.000189	-0.000033	0.000192
0.216367	-0.000022	-0.000023	0.000031
0.216427	-0.000036	0.000119	0.000125
0.216487	0.000077	-0.000050	0.000092
0.216547	-0.000080	-0.000155	0.000174
0.216607	-0.000138	-0.000291	0.000322
0.216667	-0.000129	0.000099	0.000163
0.216727	0.000303	-0.000123	0.000327
0.216787	0.000119	0.000062	0.000134
0.216847	-0.000174	-0.000178	0.000249
0.216907	0.000155	0.000200	0.000253
0.216967	0.000070	0.000170	0.000184
0.217027	0.000034	-0.000093	0.000099
0.217087	0.000137	0.000035	0.000141
0.217147	-0.000037	0.000159	0.000164
0.217207	-0.000132	0.000123	0.000180
0.217267	0.000220	0.000121	0.000251
0.217327	-0.000034	0.000158	0.000162
0.217387	-0.000069	-0.000084	0.000108
0.217447	-0.000010	-0.000032	0.000033
0.217507	-0.000198	0.000072	0.000211
0.217567	0.000255	-0.000059	0.000261
0.217627	-0.000149	0.000000	0.000149
0.217687	-0.000098	0.000102	0.000141
0.217747	-0.000137	0.000000	0.000137
0.217807	0.000064	0.000161	0.000173
0.217867	-0.000039	-0.000133	0.000139
0.217927	0.000199	0.000089	0.000217
0.217987	-0.000200	-0.000032	0.000203
0.218047	-0.000048	0.000070	0.000085
0.218107	-0.000197	-0.000054	0.000204
0.218167	0.000150	0.000114	0.000189
0.218227	-0.000102	-0.000035	0.000108
0.218287	0.000208	-0.000146	0.000254
0.218347	-0.000063	0.000132	0.000147
0.218407	0.000095	-0.000056	0.000110
0.218467	-0.000109	0.000334	0.000351
0.218527	0.000119	-0.000004	0.000119
0.218587	0.000126	0.000059	0.000139
0.218647	0.000029	-0.000240	0.000242
0.218707	-0.000290	0.000087	0.000302
0.218767	0.000073	-0.000002	0.000073
0.218827	-0.000015	-0.000091	0.000092
0.218887	-0.000001	-0.000224	0.000224
0.218947	-0.000143	0.000224	0.000266
0.219007	-0.000016	0.000032	0.000035
0.219067	0.000051	0.000288	0.000292
0.219127	-0.000217	-0.000122	0.000249
0.219187	-0.000228	0.000006	0.000228
0.219247	-0.000089	-0.000072	0.000115
0.219307	0.000244	-0.000062	0.000252
0.219367	0.000206	-0.000363	0.000417
0.219427	-0.000079	0.000042	0.000090
0.219487	-0.000060	-0.000186	0.000195
0.219547	0.000015	0.000162	0.000163
0.219607	-0.000471	0.000030	0.000472
0.219667	-0.000002	0.000088	0.000088
0.219727	0.000139	-0.000108	0.000176
0.219787	-0.000214	-0.000037	0.000217
0.219847	-0.000057	0.000214	0.000221
0.219907	-0.000035	-0.000033	0.000048
0.219967	-0.000133	-0.000098	0.000165
0.220027	0.000288	-0.000024	0.000289
0.220087	-0.000155	-0.000227	0.000275
0.220147	0.000011	-0.000015	0.000019
0.220207	-0.000010	0.000199	0.000199
0.220267	-0.000173	0.000040	0.000178
0.220327	-0.000058	-0.000069	0.000090
0.220387	0.000128	0.000122	0.000176
0.220447	-0.000046	0.000019	0.000050
0.220507	-0.000200	-0.000135	0.000241
0.220567	-0.000093	-0.000114	0.000147
0.220627	0.000102	0.000269	0.000287
0.220687	-0.000136	0.000098	0.000168
0.220747	0.000122	-0.000050	0.000132
0.220807	0.000154	-0.000164	0.000225
0.220867	-0.000086	0.000124	0.000151
0.220927	-0.000124	0.000125	0.000176
0.220987	-0.000165	0.000139	0.000215
0.221047	0.000102	0.000037	0.000108
0.221107	0.000158	-0.000082	0.000178
0.221167	0.000060	0.000065	0.000088
0.221227	-0.000040	0.000010	0.000042
0.221287	0.000464	0.000087	0.000472
0.221347	0.000037	0.000012	0.000038
0.221407	-0.000065	0.000089	0.000111
0.221467	0.000135	0.000001	0.000135
0.221527	-0.000102	0.000078	0.000128
0.221587	-0.000040	-0.000072	0.000082
0.221647	0.000189	-0.000046	0.000194
0.221707	-0.000076	-0.000050	0.000091
0.221767	-0.000155	0.000040	0.000160
0.221827	-0.000075	0.000198	0.000212
0.221887	0.000167	-0.000003	0.000167
0.221947	0.000066	-0.000057	0.000087
0.222007	-0.000117	-0.000151	0.000192
0.222067	0.000176	-0.000160	0.000238
0.222127	0.000101	-0.000316	0.000332
0.222187	-0.000022	-0.000058	0.000062
0.222247	-0.000069	-0.000335	0.000342
0.222307	-0.000181	-0.000042	0.000186
0.222367	0.000049	-0.000075	0.000090
0.222427	-0.000113	-0.000107	0.000156
0.222487	0.000133	-0.000003	0.000133
0.222547	0.000030	-0.000050	0.000059
0.222607	-0.000121	-0.000043	0.000128
0.222667	-0.000149	0.000215	0.000261
0.222727	0.000118	-0.000248	0.000275
0.222787	-0.000084	-0.000114	0.000141
0.222847	-0.000215	0.000089	0.000233
0.222907	-0.000082	-0.000005	0.000082
0.222967	0.000161	0.000119	0.000201
0.223027	-0.000175	0.000109	0.000206
0.223087	0.000373	-0.000078	0.000381
0.223147	0.000051	-0.000010	0.000051
0.223207	-0.000070	-0.000114	0.000134
0.223267	-0.000502	0.000115	0.000515
0.223327	-0.000249	-0.000219	0.000332
0.223387	-0.000102	-0.000003	0.000102
0.223447	-0.000051	-0.000141	0.000150
0.223507	-0.000461	-0.000020	0.000461
0.223567	0.000226	-0.000195	0.000298
0.223627	-0.000339	0.000147	0.000369
0.223687	-0.000024	-0.000113	0.000116
0.223747	-0.000080	-0.000044	0.000091
0.223807	0.000180	-0.000032	0.000183
0.223867	-0.000437	0.000076	0.000443
0.223927	-0.000132	-0.000032	0.000136
0.223987	0.000252	0.000014	0.000252
0.224047	0.000029	-0.000107	0.000111
0.224107	-0.000077	-0.000031	0.000083
0.224167	-0.000193	-0.000202	0.000279
0.224227	-0.000212	-0.000221	0.000306
0.224287	-0.000037	-0.000078	0.000087
0.224347	-0.000026	-0.000031	0.000040
0.224407	-0.000270	0.000027	0.000271
0.224467	-0.000139	0.000080	0.000161
0.224527	0.000248	-0.000164	0.000297
0.224587	0.000132	-0.000148	0.000198
0.224647	-0.000277	-0.000199	0.000342
0.224707	-0.000260	-0.000022	0.000261
0.224767	0.000000	0.000214	0.000214
0.224827	-0.000234	-0.000017	0.000235
0.224887	-0.000075	-0.000016	0.000077
0.224947	0.000183	-0.000007	0.000184
0.225007	-0.000235	-0.000068	0.000245
0.225067	0.000056	-0.000132	0.000143
0.225127	-0.000108	-0.000108	0.000152
0.225187	-0.000166	-0.000009	0.000166
0.225247	-0.000042	-0.000130	0.000137
0.225307	0.000019	-0.000059	0.000062
0.225367	0.000027	-0.000042	0.000050
0.225427	-0.000201	0.000015	0.000202
0.225487	0.000138	0.000150	0.000204
0.225547	0.000009	-0.000069	0.000070
0.225607	-0.000336	0.000054	0.000340
0.225667	-0.000129	-0.000097	0.000162
0.225727	-0.000246	0.000156	0.000291
0.225787	0.000000	0.000117	0.000117
0.225847	-0.000082	0.000229	0.000243
0.225907	0.000097	-0.000126	0.000159
0.225967	-0.000162	-0.000064	0.000174
0.226027	0.000043	0.000092	0.000102
0.226087	0.000151	-0.000301	0.000337
0.226147	0.000130	-0.000085	0.000155
0.226207	0.000095	-0.000070	0.000118
0.226267	0.000332	0.000058	0.000337
0.226327	0.000037	-0.000028	0.000046
0.226387	0.000081	-0.000279	0.000291
0.226447	-0.000208	0.000164	0.000265
0.226507	0.000047	-0.000287	0.000291
0.226567	-0.000184	0.000056	0.000192
0.226627	0.000099	-0.000073	0.000123
0.226687	0.000054	0.000589	0.000592
0.226747	-0.000048	0.000235	0.000240
0.226807	-0.000029	0.000104	0.000108
0.226867	-0.000104	-0.000034	0.000110
0.226927	0.000233	0.000398	0.000461
0.226987	0.000160	-0.000016	0.000161
0.227047	0.000141	-0.000059	0.000153
0.227107	0.000114	0.000033	0.000119
0.227167	-0.000192	0.000108	0.000221
0.227227	-0.000162	-0.000145	0.000218
0.227287	0.000074	0.000029	0.000080
0.227347	-0.000074	-0.000304	0.000312
0.227407	-0.000085	-0.000042	0.000095
0.227467	-0.000135	-0.000047	0.000143
0.227527	-0.000141	0.000094	0.000169
0.227587	-0.000020	-0.000301	0.000302
0.227647	-0.000181	-0.000218	0.000283
0.227707	0.000141	0.000064	0.000155
0.227767	0.000049	0.000251	0.000256
0.227827	-0.000047	0.000034	0.000058
0.227887	0.000043	-0.000021	0.000048
0.227947	-0.000176	0.000328	0.000372
0.228007	-0.000153	-0.000001	0.000153
0.228067	-0.000125	0.000118	0.000172
0.228127	-0.000035	-0.000202	0.000205
0.228187	0.000012	-0.000040	0.000041
0.228247	-0.000124	-0.000172	0.000212
0.228307	0.000028	0.000108	0.000112
0.228367	-0.000008	-0.000343	0.000343
0.228427	-0.000124	0.000094	0.000155
0.228487	-0.000027	-0.000191	0.000193
0.228547	0.000007	0.000067	0.000067
0.228607	-0.000010	0.000121	0.000121
0.228667	0.000017	-0.000087	0.000088
0.228727	-0.000137	0.000219	0.000258
0.228787	0.000093	0.000159	0.000184
0.228847	-0.000141	0.000255	0.000292
0.228907	-0.000210	-0.000078	0.000225
0.228967	-0.000019	-0.000143	0.000144
0.229027	-0.000445	-0.000001	0.000445
0.229087	0.000098	0.000159	0.000187
0.229147	-0.000098	-0.000027	0.000101
0.229207	-0.000076	-0.000231	0.000243
0.229267	0.000051	0.000285	0.000289
0.229327	-0.000020	-0.000115	0.000117
0.229387	0.000065	-0.000024	0.000069
0.229447	-0.000067	0.000037	0.000077
0.229507	-0.000209	-0.000044	0.000214
0.229567	-0.000066	0.000119	0.000136
0.229627	0.000011	-0.000075	0.000076
0.229687	-0.000070	-0.000121	0.000139
0.229747	-0.000096	-0.000003	0.000096
0.229807	0.000019	-0.000282	0.000283
0.229867	-0.000045	-0.000084	0.000095
0.229927	0.000127	-0.000101	0.000162
0.229987	0.000081	-0.000154	0.000174
0.230047	0.000139	-0.000340	0.000368
0.230107	-0.000173	0.000012	0.000173
0.230167	0.000136	-0.000166	0.000215
0.230227	0.000067	0.000156	0.000170
0.230287	-0.000026	-0.000085	0.000089
0.230347	-0.000117	-0.000115	0.000164
0.230407	-0.000129	-0.000080	0.000152
0.230467	0.000103	-0.000082	0.000132
0.230527	-0.000048	0.000076	0.000090
0.230587	-0.000209	0.000149	0.000257
0.230647	-0.000136	-0.000074	0.000154
0.230707	-0.000071	-0.000263	0.000272
0.230767	-0.000137	0.000067	0.000153
0.230827	-0.000010	0.000228	0.000228
0.230887	0.000111	-0.000123	0.000166
0.230947	-0.000255	0.000277	0.000376
0.231007	0.000168	-0.000123	0.000209
0.231067	0.000107	0.000324	0.000341
0.231127	-0.000021	-0.000038	0.000043
0.231187	0.000175	0.000249	0.000304
0.231247	0.000185	0.000152	0.000240
0.231307	0.000218	-0.000069	0.000229
0.231367	0.000051	0.000027	0.000058
0.231427	0.000006	0.000089	0.000090
0.231487	0.000040	-0.000148	0.000153
0.231547	0.000077	-0.000257	0.000268
0.231607	0.000016	0.000002	0.000017
0.231667	-0.000016	0.000112	0.000113
0.231727	-0.000012	-0.000083	0.000083
0.231787	-0.000149	0.000053	0.000158
0.231847	0.000230	-0.000094	0.000249
0.231907	0.000213	0.000262	0.000338
0.231967	-0.000040	-0.000056	0.000069
0.232027	-0.000084	-0.000054	0.000099
0.232087	0.000307	-0.000143	0.000339
0.232147	-0.000004	-0.000224	0.000224
0.232207	-0.000176	-0.000288	0.000337
0.232267	0.000231	-0.000197	0.000304
0.232327	-0.000216	0.000175	0.000278
0.232387	0.000109	0.000226	0.000251
0.232447	-0.000011	-0.000293	0.000293
0.232507	0.000027	0.000193	0.000195
0.232567	0.000078	-0.000031	0.000084
0.232627	-0.000169	0.000223	0.000279
0.232687	-0.000147	0.000110	0.000184
0.232747	0.000200	0.000208	0.000288
0.232807	-0.000057	-0.000094	0.000110
0.232867	0.000171	0.000023	0.000173
0.232927	0.000023	0.000126	0.000128
0.232987	0.000019	0.000210	0.000211
0.233047	-0.000039	-0.000241	0.000244
0.233107	0.000117	0.000151	0.000191
0.233167	0.000012	-0.000060	0.000061
0.233227	0.000153	-0.000271	0.000311
0.233287	0.000060	-0.000012	0.000062
0.233347	-0.000128	-0.000031	0.000131
0.233407	0.000148	-0.000182	0.000234
0.233467	-0.000034	0.000013	0.000036
0.233527	0.000245	-0.000216	0.000327
0.233587	0.000365	0.000039	0.000367
0.233647	-0.000204	0.000109	0.000231
0.233707	-0.000340	0.000111	0.000358
0.233767	0.000039	0.000076	0.000086
0.233827	0.000026	0.000038	0.000046
0.233887	-0.000053	-0.000065	0.000084
0.233947	0.000021	0.000015	0.000026
0.234007	-0.000023	0.000237	0.000238
0.234067	-0.000139	0.000060	0.000152
0.234127	-0.000291	-0.000103	0.000309
0.234187	0.000049	-0.000096	0.000108
0.234247	0.000156	-0.000084	0.000177
0.234307	-0.000090	0.000025	0.000094
0.234367	0.000038	0.000129	0.000134
0.234427	-0.000029	0.000207	0.000209
0.234487	0.000222	-0.000019	0.000223
0.234547	0.000055	0.000151	0.000161
0.234607	-0.000062	-0.000342	0.000348
0.234667	0.000055	0.000050	0.000075
0.234727	0.000035	0.000118	0.000123
0.234787	0.000009	0.000121	0.000121
0.234847	0.000028	-0.000229	0.000231
0.234907	-0.000175	0.000084	0.000194
0.234967	-0.000035	0.000141	0.000145
0.235027	0.000266	0.000433	0.000508
0.235087	0.000052	-0.000056	0.000076
0.235147	-0.000001	-0.000149	0.000149
0.235207	-0.000062	0.000075	0.000097
0.235267	-0.000061	0.000306	0.000312
0.235327	-0.000138	0.000103	0.000172
0.235387	-0.000053	0.000211	0.000218
0.235447	-0.000035	-0.000239	0.000242
0.235507	-0.000043	-0.000095	0.000104
0.235567	0.000192	0.000225	0.000296
0.235627	0.000087	0.000038	0.000095
0.235687	0.000056	-0.000229	0.000236
0.235747	-0.000181	0.000156	0.000239
0.235807	0.000052	0.000092	0.000106
0.235867	-0.000068	-0.000079	0.000104
0.235927	0.000031	-0.000094	0.000099
0.235987	0.000201	-0.000057	0.000208
0.236047	0.000027	0.000185	0.000187
0.236107	0.000098	0.000290	0.000307
0.236167	-0.000042	-0.000131	0.000138
0.236227	0.000010	-0.000116	0.000117
0.236287	0.000263	0.000085	0.000276
0.236347	0.000069	0.000013	0.000070
0.236407	0.000059	0.000136	0.000148
0.236467	0.000126	-0.000231	0.000263
0.236527	-0.000089	0.000058	0.000106
0.236587	-0.000297	-0.000128	0.000323
0.236647	-0.000061	-0.000075	0.000097
0.236707	-0.000052	-0.000209	0.000215
0.236767	-0.000018	0.000088	0.000090
0.236827	-0.000207	-0.000013	0.000207
0.236887	0.000121	0.000100	0.000157
0.236947	0.000057	-0.000053	0.000078
0.237007	0.000094	0.000213	0.000233
0.237067	-0.000055	-0.000122	0.000134
0.237127	0.000175	-0.000017	0.000175
0.237187	0.000008	-0.000043	0.000044
0.237247	0.000023	-0.000125	0.000127
0.237307	-0.000206	0.000178	0.000272
0.237367	-0.000184	-0.000200	0.000272
0.237427	-0.000047	0.000007	0.000047
0.237487	-0.000038	-0.000138	0.000143
0.237547	0.000047	-0.000074	0.000087
0.237607	-0.000121	-0.000141	0.000186
0.237667	-0.000171	-0.000135	0.000218
0.237727	-0.000202	-0.000084	0.000219
0.237787	0.000014	-0.000009	0.000017
0.237847	0.000012	-0.000050	0.000051
0.237907	0.000149	-0.000158	0.000217
0.237967	-0.000134	0.000055	0.000145
0.238027	-0.000188	0.000237	0.000303
0.238087	-0.000195	0.000153	0.000247
0.238147	-0.000047	-0.000192	0.000198
0.238207	-0.000038	0.000119	0.000124
0.238267	-0.000060	-0.000084	0.000103
0.238327	0.000018	-0.000061	0.000064
0.238387	0.000035	-0.000087	0.000094
0.238447	0.000045	-0.000341	0.000344
0.238507	0.000259	-0.000025	0.000260
0.238567	-0.000024	-0.000004	0.000024
0.238627	-0.000148	0.000035	0.000152
0.238687	-0.000214	0.000120	0.000245
0.238747	0.000125	-0.000025	0.000127
0.238807	0.000169	0.000012	0.000169
0.238867	0.000062	0.000003	0.000062
0.238927	0.000033	0.000087	0.000093
0.238987	-0.000223	-0.000452	0.000504
0.239047	-0.000268	0.000168	0.000316
0.239107	0.000186	-0.000294	0.000348
0.239167	0.000112	-0.000032	0.000117
0.239227	-0.000057	0.000113	0.000126
0.239287	0.000050	0.000012	0.000051
0.239347	0.000079	0.000271	0.000283
0.239407	-0.000139	0.000251	0.000287
0.239467	0.000182	-0.000235	0.000297
0.239527	0.000128	0.000118	0.000174
0.239587	0.000381	0.000059	0.000385
0.239647	0.000120	0.000286	0.000310
0.239707	0.000200	-0.000080	0.000215
0.239767	-0.000202	-0.000025	0.000203
0.239827	-0.000305	0.000058	0.000311
0.239887	-0.000121	0.000003	0.000121
0.239947	-0.000331	0.000034	0.000333
0.240007	-0.000075	-0.000157	0.000174
0.240067	0.000067	-0.000238	0.000247
0.240127	-0.000141	0.000057	0.000152
0.240187	0.000033	-0.000028	0.000043
0.240247	0.000230	-0.000080	0.000244
0.240307	0.000194	0.000165	0.000254
0.240367	-0.000077	0.000112	0.000136
0.240427	-0.000144	-0.000172	0.000224
0.240487	-0.000099	-0.000095	0.000137
0.240547	0.000319	-0.000128	0.000344
0.240607	-0.000228	-0.000016	0.000229
0.240667	0.000032	-0.000133	0.000137
0.240727	0.000013	-0.000145	0.000146
0.240787	0.000090	-0.000159	0.000183
0.240847	-0.000254	0.000024	0.000255
0.240907	-0.000072	0.000156	0.000172
0.240967	-0.000289	0.000147	0.000324
0.241027	0.000020	0.000118	0.000120
0.241087	0.000078	-0.000120	0.000143
0.241147	-0.000012	0.000302	0.000302
0.241207	-0.000312	0.000107	0.000330
0.241267	-0.000072	0.000299	0.000308
0.241327	0.000255	0.000078	0.000266
0.241387	-0.000175	0.000015	0.000175
0.241447	0.000041	-0.000139	0.000145
0.241507	-0.000195	0.000118	0.000228
0.241567	-0.000215	-0.000072	0.000227
0.241627	-0.000050	-0.000269	0.000273
0.241687	0.000038	0.000104	0.000111
0.241747	-0.000055	-0.000107	0.000120
0.241807	-0.000117	-0.000141	0.000183
0.241867	0.000295	0.000125	0.000320
0.241927	-0.000137	-0.000011	0.000137
0.241987	-0.000188	-0.000000	0.000188
0.242047	0.000004	-0.000171	0.000171
0.242107	-0.000134	-0.000051	0.000144
0.242167	0.000121	-0.000045	0.000129
0.242227	-0.000189	-0.000278	0.000336
0.242287	0.000024	-0.000126	0.000128
0.242347	-0.000156	0.000005	0.000156
0.242407	-0.000069	0.000070	0.000098
0.242467	-0.000143	-0.000076	0.000162
0.242527	-0.000111	0.000166	0.000200
0.242587	-0.000024	-0.000310	0.000310
0.242647	0.000058	-0.000103	0.000118
0.242707	-0.000151	-0.000054	0.000161
0.242767	0.000274	-0.000194	0.000336
0.242827	0.000086	0.000040	0.000095
0.242887	0.000170	0.000019	0.000171
0.242947	-0.000018	-0.000069	0.000072
0.243007	0.000052	0.000006	0.000052
0.243067	0.000115	-0.000094	0.000149
0.243127	-0.000073	-0.000136	0.000154
0.243187	-0.000096	-0.000137	0.000168
0.243247	-0.000147	-0.000146	0.000207
0.243307	-0.000029	-0.000095	0.000099
0.243367	-0.000198	-0.000113	0.000228
0.243427	0.000042	-0.000380	0.000383
0.243487	0.000143	0.000393	0.000418
0.243547	0.000059	0.000039	0.000071
0.243607	-0.000108	-0.000128	0.000167
0.243667	-0.000044	0.000060	0.000075
0.243727	-0.000110	0.000055	0.000123
0.243787	0.000262	-0.000046	0.000266
0.243847	0.000056	-0.000145	0.000156
0.243907	0.000040	-0.000090	0.000098
0.243967	0.000060	-0.000088	0.000106
0.244027	0.000053	-0.000045	0.000070
0.244087	-0.000218	-0.000005	0.000218
0.244147	0.000095	-0.000156	0.000183
0.244207	-0.000270	-0.000312	0.000413
0.244267	0.000178	0.000194	0.000263
0.244327	-0.000010	0.000017	0.000019
0.244387	-0.000043	0.000085	0.000096
0.244447	-0.000098	0.000057	0.000114
0.244507	-0.000123	-0.000079	0.000146
0.244567	0.000181	0.000055	0.000189
0.244627	0.000079	0.000244	0.000256
0.244687	-0.000124	-0.000357	0.000378
0.244747	0.000097	0.000035	0.000103
0.244807	-0.000083	0.000002	0.000083
0.244867	-0.000179	-0.000070	0.000192
0.244927	0.000068	-0.000135	0.000151
0.244987	0.000099	0.000159	0.000187
0.245047	-0.000053	-0.000087	0.000102
0.245107	-0.000190	-0.000196	0.000273
0.245167	-0.000133	-0.000341	0.000366
0.245227	0.000110	0.000068	0.000129
0.245287	-0.000251	-0.000166	0.000301
0.245347	0.000056	-0.000144	0.000154
0.245407	-0.000081	0.000067	0.000105
0.245467	0.000093	0.000023	0.000096
0.245527	0.000071	0.000051	0.000087
0.245587	0.000189	-0.000140	0.000235
0.245647	-0.000069	0.000001	0.000069
0.245707	-0.000066	0.000023	0.000070
0.245767	-0.000091	0.000063	0.000110
0.245827	-0.000131	0.000083	0.000155
0.245887	0.000160	-0.000062	0.000171
0.245947	0.000232	-0.000045	0.000236
0.246007	-0.000146	-0.000183	0.000235
0.246067	0.000063	0.000073	0.000096
0.246127	0.000013	-0.000208	0.000208
0.246187	-0.000068	0.000164	0.000177
0.246247	0.000123	-0.000195	0.000231
0.246307	-0.000026	0.000131	0.000134
0.246367	-0.000032	-0.000307	0.000309
0.246427	-0.000085	-0.000067	0.000108
0.246487	0.000249	0.000215	0.000329
0.246547	-0.000144	0.000125	0.000191
0.246607	-0.000148	-0.000052	0.000157
0.246667	-0.000093	-0.000207	0.000227
0.246727	0.000385	-0.000044	0.000387
0.246787	0.000184	-0.000003	0.000184
0.246847	-0.000062	0.000197	0.000207
0.246907	0.000018	0.000189	0.000190
0.246967	0.000010	-0.000104	0.000104
0.247027	0.000261	-0.000008	0.000261
0.247087	0.000159	-0.000138	0.000210
0.247147	-0.000088	-0.000051	0.000102
0.247207	-0.000109	-0.000088	0.000140
0.247267	0.000071	0.000045	0.000084
0.247327	-0.000116	0.000113	0.000162
0.247387	0.000040	-0.000127	0.000134
0.247447	0.000066	0.000081	0.000104
0.247507	0.000094	0.000103	0.000139
0.247567	0.000126	-0.000219	0.000253
0.247627	-0.000134	-0.000214	0.000252
0.247687	0.000112	-0.000084	0.000140
0.247747	0.000041	-0.000080	0.000090
0.247807	-0.000208	0.000233	0.000312
0.247867	-0.000028	-0.000227	0.000229
0.247927	-0.000289	-0.000169	0.000335
0.247987	-0.000049	-0.000024	0.000055
0.248047	0.000186	-0.000199	0.000272
0.248107	0.000116	-0.000013	0.000116
0.248167	-0.000018	0.000079	0.000081
0.248227	-0.000095	0.000081	0.000125
0.248287	0.000159	-0.000280	0.000322
0.248347	-0.000114	-0.000177	0.000211
0.248407	0.000027	0.000013	0.000030
0.248467	0.000065	-0.000072	0.000097
0.248527	0.000139	0.000026	0.000142
0.248587	-0.000081	-0.000146	0.000167
0.248647	-0.000199	-0.000143	0.000245
0.248707	0.000012	0.000224	0.000225
0.248767	0.000023	-0.000035	0.000041
0.248827	-0.000088	-0.000219	0.000236
0.248887	-0.000090	0.000209	0.000227
0.248947	0.000332	-0.000114	0.000351
0.249007	-0.000032	-0.000179	0.000182
0.249067	0.000087	0.000030	0.000092
0.249127	-0.000196	-0.000038	0.000199
0.249187	0.000065	-0.000077	0.000100
0.249247	0.000293	0.000152	0.000330
0.249307	0.000035	-0.000076	0.000084
0.249367	0.000058	0.000034	0.000067
0.249427	-0.000294	-0.000156	0.000333
0.249487	-0.000116	-0.000075	0.000138
0.249547	0.000089	-0.000165	0.000187
0.249607	-0.000027	-0.000091	0.000095
0.249667	0.000096	0.000146	0.000175
0.249727	-0.000015	0.000105	0.000106
0.249787	0.000005	-0.000239	0.000239
0.249847	-0.000047	0.000374	0.000377
0.249907	-0.000180	-0.000072	0.000194
0.249967	0.000211	0.000021	0.000212
0.250027	0.000004	0.000085	0.000085
