CPMG train data
Estimated phase correction: -2.075658 rad
time in s	real part	imag part	abs value
6.7e-05	0.01781858252226529	-0.00046365896346821573	0.01782461395759197
0.000127	0.012096388659213088	-0.0001531681764336642	0.012097358351516707
0.000187	0.009997759463202947	-0.00011025182247485826	0.00999836735414453
0.000247	0.008603017788966754	-0.0002956837601280834	0.008608097580957241
0.000307	0.006416632739920506	0.00019120586872411137	0.0064194809294252355
0.000367	0.005851510862971452	0.00010551839628662491	0.005852462175138581
0.000427	0.0045501958830070225	-0.000265706880721595	0.0045579472046302656
0.000487	0.003960101894133941	-0.00016651725238446297	0.00396360126744163
0.000547	0.0032299569116872357	-0.0004282773953365092	0.003258226999260851
0.000607	0.0025918786644296803	-6.505124505424367e-05	0.002592694867432126
0.000667	0.00234556406596815	-0.0005910119068590281	0.0024188769835628648
0.000727	0.001959303392650863	5.361363837093443e-05	0.0019600367870712407
0.000787	0.001481961328133962	-0.00012501798503252972	0.0014872252266103377
0.000847	0.0018516582915038928	0.00010072452600548896	0.001854395820377663
0.000907	0.0009923559006680405	-0.00012093072339730665	0.000999697190879355
0.000967	0.0015309585652458246	-0.00018936741227656986	0.0015426257308018294
0.001027	0.0012552939688132388	0.00013564319364919235	0.0012626012926186337
0.001087	0.00122763550146994	7.902429351221016e-05	0.001230176313962537
0.001147	0.0009416738618658634	-3.2657129494121625e-05	0.0009422399642491105
0.001207	0.0008860145990563326	8.994571392639288e-05	0.0008905684146626144
0.001267	0.00027993367296324525	0.0003651481547790644	0.0004601043753293906
0.001327	0.0007696618758391789	-0.00029617941393719364	0.0008246827561920178
0.001387	0.0009726123924103952	0.0002979830458682683	0.0010172358435953793
0.001447	1.1535831690466405e-05	-0.0001039726229540178	0.00010461061961736541
0.001507	0.0005617359709422093	-0.0002172820469112103	0.000602294603130654
0.001567	0.0001152073399306691	-8.550316870548617e-05	0.00014346958922565985
0.001627	0.00035619447644972527	4.969125831698417e-05	0.0003596438880426291
0.001687	0.0005373344442083405	-0.0004325143935395078	0.0006897804038616452
0.001747	0.0006668481408491107	-9.516848468619441e-06	0.0006669160467095465
0.001807	0.0002146462667103591	-5.6913942801561067e-05	0.0002220635420277583
0.001867	0.000279018562315383	-5.124032938949196e-06	0.0002790656084688737
0.001927	0.00048646246262322126	0.00023010866203272982	0.0005381409888532391
0.001987	0.0001594760950743184	-3.297311678231786e-05	0.00016284916742339648
0.002047	0.00036602811676993976	-0.0002647827890269352	0.00045175934703227903
0.002107	0.000411218758339014	9.472960983428844e-05	0.0004219888223510629
0.002167	-8.666333981960898e-05	0.00038270845357589174	0.0003923981331596004
0.002227	-0.00013939823361657871	-0.00011684806530632135	0.0001818937544316808
0.002287	0.00010725816459081336	0.0001668845785165005	0.00019838038314818335
0.002347	0.00014035021182407369	0.00010725035106609786	0.00017663753780797442
0.002407	0.0004945871858741817	-0.0002632343698704514	0.0005602756624305896
0.002467	9.402773049337767e-05	0.00022340259882329812	0.0002423838593280063
0.002527	0.0006553031056389486	0.00022545494565981617	0.0006930022314412282
0.002587	0.0002803970011558283	0.00010412131381436737	0.0002991048749980708
0.002647	3.8424659278456355e-05	0.00011179768804822198	0.00011821665489089521
0.002707	0.0005579905642033008	-0.00015323035971597068	0.0005786475722567267
0.002767	0.00044810676019299447	0.00014697727796517788	0.0004715951534618597
0.002827	0.00012962729385188667	-0.0004299834408834183	0.000449097979003811
0.002887	0.0003628616899331061	-0.0002862202681258012	0.00046215868260492
0.002947	-6.495960360006494e-05	7.846168579443203e-07	6.496434193841526e-05
0.003007	0.00011691884544053626	0.00014993696814468523	0.0001901344546250583
0.003067	-2.825835209751728e-05	-0.0003345067714130177	0.0003356982493020006
0.003127	0.00018606121166088257	-0.00013383777754669726	0.00022919713170839413
0.003187	9.854669533143178e-06	-1.7216447831332638e-06	1.000392784693844e-05
0.003247	8.645249958579208e-06	-0.00026787230028411165	0.0002680117713951154
0.003307	-0.0002903591415546889	-6.204105142186916e-05	0.0002969133259823595
0.003367	0.00038707968800500396	-0.00033341473121133527	0.00051087774257133
0.003427	9.380630636468295e-05	-0.00014225030277336656	0.00017039592645629536
0.003487	9.497706920515668e-05	-5.689923364203016e-06	9.514735362947109e-05
0.003547	0.0003818031932262437	-0.00011636504870258481	0.0003991422088896529
0.003607	6.350053883826014e-05	-0.00011534105862100642	0.000131665782329973
0.003667	-8.785892230800219e-05	-0.00013997766582318582	0.00016526626140392673
0.003727	0.0001840162145807693	-0.00022240844520273045	0.00028866500260012765
0.003787	-0.0002043111835779233	0.00015056275317926846	0.000253795591726754
0.003847	-0.00012247849018971166	-0.00016210623770588416	0.00020317335667431377
0.003907	2.511440725104703e-06	0.0002990938507479662	0.0002991043946346533
0.003967	6.083512699253384e-06	-2.530486252308599e-05	2.602585626015519e-05
0.004027	-0.0001510748207889321	6.69710044107821e-05	0.0001652534928774486
0.004087	6.827212815959988e-05	0.00016655683907969128	0.00018000628913362725
0.004147	0.00014264173235457257	3.455120695052371e-05	0.00014676665054041204
0.004207	0.0002468978569671709	0.00014296913682289075	0.00028530461941381885
0.004267	-0.0002274048010182847	-4.2805643560343926e-05	0.00023139850182484083
0.004327	0.0005846280810512148	0.0004490643372982939	0.0007371897803054392
0.004387	0.00045792885633894227	2.8287273034631886e-05	0.000458801708021698
0.004447	0.00023720815523673163	-0.00013390930592649622	0.00027239568852044875
0.004507	0.00017430390720828644	0.00022400599365361796	0.0002838318820372716
0.004567	0.00018291251172374815	0.00010329184626231639	0.0002100623537175767
0.004627	0.00021848341210058746	-3.333255009345408e-05	0.00022101144825290782
0.004687	9.093849483914088e-05	-3.329124751717938e-05	9.684067846137054e-05
0.004747	0.00019432825557508728	7.259200570038747e-05	0.00020744413755626243
0.004807	4.3751210695091496e-05	-8.164035311982849e-06	4.450640302093162e-05
0.004867	0.0002794357201363701	-0.0003790307946134522	0.0004709019695790587
0.004927	-1.9993757463838665e-05	-0.00046706740569668576	0.00046749514628684143
0.004987	1.6035721629761004e-05	0.00016154784280377805	0.00016234176875573757
0.005047	0.00015717297691815558	2.408035903107352e-06	0.00015719142250843624
0.005107	-0.00019185467626809115	-6.425891183857869e-05	0.00020232998926657483
0.005167	-0.00011343206898265598	-0.0004895742223117901	0.0005025432851266447
0.005227	-2.82355970846008e-05	-0.00011431277062539191	0.00011774828436447547
0.005287	0.00038210378488962076	0.00010171375856912061	0.00039540990264437097
0.005347	-4.061797150225053e-05	0.00021023142508633567	0.0002141192931587184
0.005407	8.478331547995518e-05	-0.00011816470456930112	0.0001454342050197402
0.005467	-9.394852404440406e-05	3.578239126105753e-05	0.0001005321077789647
0.005527	0.00014285602892949543	-8.614903189976879e-07	0.00014285862650562816
0.005587	-6.79923972769745e-05	-0.0004608070177287443	0.0004657961718128748
0.005647	-1.905268372616147e-05	0.00025542835759087177	0.0002561379523201109
0.005707	0.0004457192560496632	8.905970281920529e-05	0.00045452974146881783
0.005767	0.00021888521877796898	-6.647102617849852e-05	0.00022875562576842124
0.005827	0.0004606865939597827	-0.00023468797996934227	0.0005170208755904892
0.005887	0.00011025552780859378	-0.00011587450248661163	0.00015994743429912018
0.005947	-0.00011480708075174565	-4.10522164331269e-05	0.00012192600323479049
0.006007	-0.00015775072420443328	8.150750944060033e-05	0.00017756341144006195
0.006067	-0.00011389827129191157	-1.0340370983902634e-05	0.00011436668866138699
0.006127	0.0002645694390647683	0.0001638649281683741	0.0003112052421966451
0.006187	-7.616336787890115e-05	-1.1926053118413118e-06	7.617270452128284e-05
0.006247	9.086839563695015e-05	0.0002091325397322056	0.00022802079839452332
0.006307	0.0006244125616241287	-0.0001183535247841693	0.0006355301754778
0.006367	-1.5986388123598316e-05	3.626148418965116e-05	3.962902775585904e-05
0.006427	0.00018107494902887223	-0.00011717640941401195	0.0002156813577687437
0.006487	-9.259726953394442e-05	-1.080069431310311e-05	9.322504664942276e-05
0.006547	9.139391816655732e-05	-0.0003733997777264007	0.0003844219586391506
0.006607	-0.00018154861444215776	-0.0003131513532105874	0.00036197191800399286
0.006667	-0.00010301854727572003	0.0003257155211103677	0.00034161882526435536
0.006727	1.8414583711536805e-06	-0.0001429411064546912	0.0001429529673823669
0.006787	6.889474814850075e-05	6.268037338230423e-05	9.314137388824807e-05
0.006847	-0.0002790622768705252	-0.00016327495257239332	0.00032331790007619277
0.006907	0.00016264890944072747	-0.00012519650157063843	0.0002052530919323381
0.006967	0.00010852778825184855	-0.00012943971558339592	0.0001689169049951736
0.007027	-4.353666983592286e-05	-4.8417863777812915e-05	6.511321796078737e-05
0.007087	0.00022575440404234417	-0.00018543840268219486	0.0002921514198730478
0.007147	0.0006264062179857445	7.379805364633762e-05	0.000630738378928373
0.007207	0.0002545422817523398	2.4024946925178066e-06	0.00025455361946048836
0.007267	8.350873539698746e-05	-0.0004510281180124164	0.0004586938762676326
0.007327	0.00042082761625748203	-4.7698918345696366e-05	0.0004235222183266233
0.007387	0.0003582007788563515	0.00016921095097574345	0.00039615671634267706
0.007447	0.00010312868459595967	0.00034757288162048987	0.00036254990501234993
0.007507	4.16455954004367e-05	-0.00029166772160648714	0.00029462589065351363
0.007567	0.00017730395934654173	0.00017702586676635927	0.00025054909998709014
0.007627	-9.04152789035592e-05	-0.00024472974566296546	0.00026089762565318253
0.007687	0.0002543056295416311	0.00019258016234712625	0.0003189960378221191
0.007747	0.0004663269668728598	4.100492607305246e-05	0.00046812631200894675
0.007807	-0.00011217350281148141	-0.00019975569352635898	0.00022909655569037715
0.007867	0.00025661081979906603	0.0002392817486377481	0.00035086303320396576
0.007927	0.00014624240428828562	0.0002477442995229973	0.00028768746715517344
0.007987	7.141570755179959e-05	0.00025556134157610005	0.0002653522236449136
0.008047	2.2094927250455572e-05	-0.00010678505153865709	0.00010904693045802149
0.008107	0.00017537180140709803	-0.0002166904469303166	0.00027876516733557475
0.008167	0.0001602104464811742	0.0001212515695559949	0.00020092120416095822
0.008227	0.0003233931395242121	-0.00030344552237058966	0.00044346624193740674
0.008287	3.758126027892456e-05	1.3188983028034943e-05	3.9828386829823604e-05
0.008347	1.476492420550581e-06	4.509141164487577e-05	4.5115578617541654e-05
0.008407	0.00032473900710819245	0.00019587025661646764	0.00037923683914490105
0.008467	8.316014572962038e-05	0.00024748520458883294	0.00026108338960598046
0.008527	8.24540825366826e-05	2.0167567670452764e-05	8.488466594567218e-05
0.008587	0.00018318880370184713	-0.0006079808070440846	0.0006349793693780061
0.008647	0.0002894184573005769	4.133002585418416e-05	0.00029235460397153553
0.008707	-4.388702653941574e-05	-5.877964587177829e-05	7.335610313588805e-05
0.008767	8.376600111521844e-05	-0.00045466384349996964	0.0004623158590498488
0.008827	-1.9005196771662046e-05	0.00029814710671187666	0.00029875222969041215
0.008887	5.6726078781501354e-05	0.00015119790048486768	0.00016148886378000512
0.008947	9.313219730873068e-06	0.00018436753554628641	0.00018460261164232402
0.009007	1.018150601875785e-05	0.00012515032229857854	0.00012556379349258322
0.009067	-3.963234543617434e-06	-0.00025093201613157057	0.00025096331195595606
0.009127	0.0004178270164300284	-0.00013864695120113592	0.0004402299316677472
0.009187	4.684274255519166e-05	-4.5477099148944736e-05	6.528712795869423e-05
0.009247	-0.00015084644317796725	-7.689209820073724e-05	0.00016931344951053216
0.009307	-0.00016821103524768423	-0.00014732778630999427	0.00022360775701683742
0.009367	0.00023521510298446247	7.96454509615183e-05	0.00024833353082267184
0.009427	0.00017444066665378227	-0.0002439457617949513	0.0002998984509468749
0.009487	8.592249871710884e-05	0.00026037388927199724	0.0002741846786390842
0.009547	6.615504615109413e-05	-0.0002537858014847101	0.0002622665117137338
0.009607	-0.00016669561877365665	-0.0002770002040376815	0.0003232901828934022
0.009667	-0.00020079197644088726	0.0005352626140498603	0.0005716847766055412
0.009727	3.701737057275808e-05	-8.318699840516286e-05	9.10514273791546e-05
0.009787	0.00012412285451069067	-0.0004083577723770458	0.00042680505300737154
0.009847	0.00041490920014806537	5.748899864447838e-05	0.0004188730467965828
0.009907	-8.593112685975835e-05	-2.2785375968978816e-05	8.890068571971534e-05
0.009967	0.0003462927209584825	-0.00011663237328413912	0.00036540629316792036
0.010027	-0.0001316814876886074	0.00020090960620403221	0.0002402179928001734
0.010087	-0.0002392445337979201	-0.00011595368345868765	0.0002658631295607228
0.010147	-7.056090726714368e-05	-0.00018731234771991615	0.00020016182763631338
0.010207	3.43004467836311e-05	2.2931536693858315e-05	4.125985972708196e-05
0.010267	3.4919673568993965e-05	4.168885993759659e-06	3.5167644399277886e-05
0.010327	0.0004234203536043485	-4.241465252872199e-05	0.00042553942073039926
0.010387	0.0001543521766996821	-5.852799674431767e-05	0.00016507610625051935
0.010447	-5.2348291477371774e-05	-1.4929076346283088e-06	5.2369575077571575e-05
0.010507	-7.00140058983087e-05	-4.414419143837705e-05	8.276877829034621e-05
0.010567	-8.726406494288463e-05	-0.00017962726863137026	0.000199702209968549
0.010627	-8.709698743212155e-05	-2.2039874036924498e-05	8.984231334574281e-05
0.010687	0.00022987778922518222	0.00019003030897869264	0.0002982537783659994
0.010747	0.00021141800226525163	-2.0845377467558364e-05	0.00021244317226871504
0.010807	0.00023562471110261037	-0.0004287223185166497	0.0004892053054459653
0.010867	-0.00010776660551661941	-0.00016108271170513772	0.00019380733029185243
0.010927	-0.00022560606214024756	-2.1070040785306162e-06	0.00022561590090376207
0.010987	0.00013484577604416548	-0.00019585009944515832	0.00023778276802500142
0.011047	-0.00014057520291662045	0.00015596252448144725	0.00020996594180408177
0.011107	0.0002628239340118566	0.0003303988594112644	0.0004221845882901615
0.011167	-0.0002990876501093672	-3.361571826193167e-05	0.00030097082742719237
0.011227	-0.00010088460306356745	-0.00019570301561540722	0.00022017577854127797
0.011287	0.0003921373573357145	0.0001411373303609259	0.00041676306582955134
0.011347	0.00011766912396572161	0.0001105696737427099	0.00016146725824893934
0.011407	0.0005267252164141112	4.843120226264871e-05	0.0005289471003409489
0.011467	7.733109160859862e-05	4.572730981624489e-05	8.983921522591522e-05
0.011527	-0.00037105211185187636	6.393402283047848e-06	0.00037110718842740066
0.011587	-1.787869930686157e-05	0.00040336765909731515	0.00040376368867761376
0.011647	-2.1308316783573325e-05	-2.405088448664395e-05	3.213237321983864e-05
0.011707	0.00014315013091377844	-1.5524589433535776e-07	0.0001431502150956107
0.011767	0.00032737905537686736	4.668598710682838e-05	0.00033069113579228116
0.011827	0.00021340399032568423	0.00024659831108211824	0.00032611652843037237
0.011887	-3.556066545443436e-06	0.00018640447737219027	0.00018643839409755443
0.011947	-0.0001280408445141194	0.00016875484532757055	0.00021183166827795405
0.012007	0.00010771157901026076	-2.86220836227847e-05	0.0001114495757003737
0.012067	-3.177365643865435e-05	0.00020379969698945758	0.00020626168266664647
0.012127	6.430876344927477e-05	-9.961114096167014e-05	0.00011856642214413194
0.012187	-3.231366328742376e-05	-0.00013756990842986465	0.0001413140210327848
0.012247	-0.00022216942050905117	6.337051627285567e-05	0.00023103046063672182
0.012307	0.0002634846388764088	0.0002983339277672735	0.0003980292544284657
0.012367	-0.0001593403925160488	0.00012433011111752935	0.0002021072418733819
0.012427	0.00038581628082632257	2.5443584475054984e-05	0.0003866543398716676
0.012487	3.424899822963833e-05	0.00014488697046036934	0.00014887991163658616
0.012547	0.0001206914762599688	-0.0006026019109624182	0.0006145693577924047
0.012607	0.0001017778120111238	4.0855279362587426e-05	0.00010967167760897395
0.012667	-0.00014743207095652564	9.73716050918079e-05	0.00017668459192777676
0.012727	-0.0003944940781279375	-0.00048606361620377725	0.0006260059238338756
0.012787	0.00012532132237400286	0.00030133292928765846	0.0003263540533142644
0.012847	-6.938579128094408e-05	0.0002213424965676727	0.00023196311952224848
0.012907	3.180585531449555e-05	-0.00017870042831380435	0.00018150883039627508
0.012967	0.0001609201226740834	-1.854099577831622e-05	0.00016198473510147058
0.013027	3.034413457462627e-05	6.692668165865043e-05	7.34843331664741e-05
0.013087	8.428517792711374e-05	-0.0003877894260929864	0.00039684333206913404
0.013147	-0.0003058600351975807	-9.869610712052995e-05	0.00032138961198491223
0.013207	9.65383172250306e-05	-0.000330832626803079	0.00034463005331814283
0.013267	8.038173772089997e-05	-8.541444337214695e-05	0.0001172896026747693
0.013327	-4.387352113768168e-05	4.80600066504691e-05	6.507418917098956e-05
0.013387	-0.00023096579258958448	0.0004284159954577475	0.0004867088066910108
0.013447	-0.0003066634343136838	-1.6115347535536737e-05	0.0003070865779731413
0.013507	9.071872856487199e-05	-3.5192864992573334e-06	9.078696541844967e-05
0.013567	0.00010060976428447658	-0.0002814042233971687	0.00029884889428462264
0.013627	-0.0003125791052543778	0.00016743566092353943	0.0003545989249709168
0.013687	-7.0712650222252e-05	-0.0001045186079778006	0.00012619198990059438
0.013747	0.00046842236034099643	0.00016541618282069762	0.0004967715986310014
0.013807	-3.5884389523211535e-05	-9.454834304805522e-05	0.00010112901949779947
0.013867	-9.940104728593236e-05	-0.00038943279779448883	0.0004019184894970414
0.013927	-0.00019081046568604357	0.00021096609020919345	0.0002844561917650561
0.013987	0.00030618075840633906	0.00012796158741750491	0.00033184457909191274
0.014047	-0.0003034801839785415	-0.00026611633920094863	0.00040363117825232945
0.014107	0.0003568544336167848	-7.544074065279515e-05	0.00036474154156360995
0.014167	0.00012877170274475092	0.0002790470316487781	0.0003073262066595959
0.014227	-0.00021444923416802798	-0.00010065299922268154	0.0002368955472096823
0.014287	0.00014677203405003708	0.00022835237753112442	0.00027145319726115295
0.014347	0.00014852205128504362	0.0002625132091283313	0.000301615624072713
0.014407	0.00021355774327166266	0.0001411862452457861	0.00025600872164418273
0.014467	0.00030070379069639956	0.00021061008574526675	0.00036712311008272507
0.014527	-7.343649713806313e-05	-0.00042468670146921883	0.0004309892266828884
0.014587	-0.00027008313176452617	-0.00013662100788441154	0.0003026717658769758
0.014647	0.0003140321882529948	0.0001254485686504998	0.0003381620301503756
0.014707	0.00019935387276704758	0.00012097242222746589	0.0002331872499233191
0.014767	-0.00011725386058633949	0.00015599045407145465	0.00019514479133151194
0.014827	0.0005871933313218703	-7.809919169564475e-05	0.0005923643237842643
0.014887	-0.0003020342062510535	0.0001373090025635047	0.00033178068649438965
0.014947	0.0002909747294834627	-0.00013262665272059781	0.00031977511193000054
0.015007	-0.00011171177689547333	-0.0003023974101016744	0.0003223720129498593
0.015067	0.00013501236837770562	0.00031765243818576976	0.0003451541845325384
0.015127	-6.479758043795631e-05	-0.0001488689465073136	0.00016235975383330323
0.015187	-0.0002941889629216549	-0.00017243562624305868	0.0003410002802092026
0.015247	0.00044893273043154725	1.2518766905447043e-05	0.00044910724329224217
0.015307	0.0001900220823269316	-8.607928937581213e-05	0.00020860976926143218
0.015367	2.1402999386031324e-06	-0.00027662190755378945	0.0002766301874751279
0.015427	0.00010108930212769852	0.00026233868772198036	0.0002811416619435046
0.015487	-9.744394967041529e-05	-0.0001466600449120546	0.0001760809248640417
0.015547	-3.1770879009866335e-05	0.00029544547765638144	0.0002971488162868346
0.015607	0.0004092345196050383	-1.9506326513955114e-06	0.00040923916846277947
0.015667	0.0007505881003857539	-5.2107688901158674e-05	0.0007523946488933282
0.015727	6.0338724282798766e-05	9.513543869118658e-05	0.00011265661695186897
0.015787	0.00011897900242067584	9.75132522482198e-05	0.000153833797915296
0.015847	0.0002520760656116697	0.00014623210299379122	0.00029142095120331617
0.015907	0.0003226091099587388	0.00015005370127028396	0.0003557987508315357
0.015967	-0.00019192381408736201	0.00021880185219220276	0.00029104810759834676
0.016027	-0.0002716472592234287	0.00036165974102110837	0.00045231626293894836
0.016087	-0.00019822960340232638	0.00027584738877017823	0.00033968626342018813
0.016147	-0.00032470524282988413	-0.00023318747911345484	0.00039976229829300056
0.016207	8.146132453436619e-06	-2.919263800881758e-05	3.0307912957886e-05
0.016267	-2.7139820873949827e-05	9.760934825784289e-05	0.00010131216483912946
0.016327	-0.00021759613916424788	7.043115799728376e-05	0.0002287107951016416
0.016387	-0.00018406358228901176	2.6454536087957935e-05	0.00018595495369764386
0.016447	-0.0001008331310811624	-9.672010111595126e-05	0.00013972150258106556
0.016507	0.00010606908747532046	-0.00015868723747423702	0.00019087244603413055
0.016567	-0.0001265724911323223	-0.00027829362253237546	0.000305725262046881
0.016627	2.039178186233553e-05	3.0814285164270635e-05	3.69505742540771e-05
0.016687	-9.307183955036108e-05	4.4242970155990625e-05	0.00010305245133189231
0.016747	0.00026778293816574896	2.130903290821731e-05	0.00026862944152896724
0.016807	-0.00015548226707385142	-0.00033787043784523694	0.00037192898266222356
0.016867	-0.00011583030089512149	0.0001144068981516276	0.00016280539594906327
0.016927	4.294919498690547e-05	-0.00011697014973748139	0.00012460597609919053
0.016987	0.0002015515625119795	-0.00012725814905336212	0.00023836457130099704
0.017047	0.00022848626627220518	0.0001582136097154523	0.0002779163906181255
0.017107	-0.00038058703100422213	0.00024162245699596224	0.00045080805216119905
0.017167	0.0001203039432211088	0.00024359396060314053	0.0002716819029616661
0.017227	-9.713996904209976e-05	-0.0001564443654393913	0.00018414943134105496
0.017287	-3.717039381757341e-05	-0.0003455236009614081	0.00034751718949987476
0.017347	8.551440706597181e-05	-2.9806977752166096e-05	9.056030995178215e-05
0.017407	0.00020039675564118164	0.00012524363301322792	0.00023631510167965056
0.017467	0.00023415520646800008	-6.13245984439968e-05	0.00024205240566949383
0.017527	2.0413801905335533e-05	0.00037727014693744645	0.0003778220309595944
0.017587	-9.188593112232779e-05	6.220983123062456e-05	0.0001109643521134601
0.017647	0.000400264288546673	-7.25743252928927e-05	0.00040679052763983197
0.017707	-6.655390404069231e-05	8.275760719935648e-05	0.00010619907576067062
0.017767	0.0002721729174349893	-0.00021753944199566752	0.00034842718867628554
0.017827	-7.77227827402131e-05	1.6639579905534062e-05	7.948400201496537e-05
0.017887	-4.373325287736999e-05	-8.014501528636347e-05	9.130071676874955e-05
0.017947	0.00014753568946379743	-0.0003297149961068311	0.0003612184357466901
0.018007	0.00013468515568686713	0.0002875127938034159	0.0003174959807037582
0.018067	-9.406622892528199e-05	-0.00029889077041689814	0.0003133434985198041
0.018127	-8.361386721674155e-05	1.6667275832506848e-05	8.525888149991034e-05
0.018187	0.00041376503373248097	-0.0001917217647638596	0.0004560249315813883
0.018247	-8.930949315301834e-05	-0.0002687684191924472	0.00028321837638553056
0.018307	-4.1772791579310433e-05	-0.00029836309848379995	0.000301273139614507
0.018367	-0.0001844715246389957	-0.00015289927611047895	0.0002395995242853042
0.018427	0.0003408557193438871	-0.0002173245443758375	0.0004042432176272152
0.018487	0.000154796400590962	-4.9776629324177154e-05	0.00016260270127766671
0.018547	0.00010977651555565934	-3.230337315987236e-05	0.00011443072701441636
0.018607	9.880874578026965e-05	-0.00014286906892619012	0.00017370877668818698
0.018667	0.00028762457236636003	7.879558387403291e-05	0.000298222465060869
0.018727	-0.00019927550721263063	-0.0002979389265065868	0.00035843874191101124
0.018787	0.00013152324593519103	-0.0003486422437577769	0.000372625520266374
0.018847	-0.000265438062563105	0.0001727459972751733	0.00031669945473879337
0.018907	0.0001741132907349417	-9.931862269711497e-05	0.0002004485640382645
0.018967	3.795368616763987e-05	-0.00015263658974976331	0.00015728449009406252
0.019027	9.17472450428025e-05	-0.00018548636219708472	0.00020693657853084396
0.019087	-5.956157580455476e-06	0.00021076213673619002	0.0002108462807230132
0.019147	0.00023143948127192444	-4.906711313990231e-05	0.00023658363232333178
0.019207	0.000131641072051302	-0.00017885074254235614	0.00022207422173401453
0.019267	-0.00018904296697637316	0.00014601841052821506	0.000238869461372559
0.019327	-0.00018231695591913735	-4.095371316101257e-05	0.00018686005201030842
0.019387	0.0001821349041287195	-9.011971946379575e-05	0.00020321094246671632
0.019447	0.0005378738717231362	-1.5214464486816936e-05	0.000538089009190912
0.019507	0.00015163891069703016	0.0001464428437657546	0.00021080765101765897
0.019567	-8.329470678951692e-05	2.7271440141452707e-05	8.764553397943579e-05
0.019627	0.00026612289686014473	0.0002368558118415695	0.00035626124099649714
0.019687	-0.0001715363728686797	0.000134448401887418	0.00021794747070572618
0.019747	-1.812293257755118e-06	0.00012604640991081215	0.00012605943779922464
0.019807	0.000195191567351956	0.00018410547854776205	0.0002683180485852818
0.019867	0.0002703759962833994	-4.465877289566384e-05	0.0002740393865173167
0.019927	-0.00011973190722203351	-0.0003010386531549225	0.0003239753081646121
0.019987	-8.0314417518197e-05	-0.00022636585026296943	0.00024019138999257313
0.020047	0.0004170834666698967	1.7273999060428708e-05	0.0004174410248321534
0.020107	0.00026537500218423737	0.00017375152885805518	0.00031719628869959304
0.020167	9.586927596387081e-05	-0.0001313819768808199	0.00016264114461890975
0.020227	0.00011602960879492126	-0.00014907040280305137	0.0001889043543938743
0.020287	-0.0004701717879836825	5.5886347171333185e-05	0.0004734815667118707
0.020347	1.2532912614188479e-05	-0.0002861724233771098	0.0002864467311737431
0.020407	-4.4555748010466904e-05	-0.000108635109390735	0.00011741721199683284
0.020467	-6.92239614224171e-06	0.00010136001086816825	0.00010159611888032588
0.020527	-0.0004196143515906117	-6.018378093163345e-05	0.00042390835276983675
0.020587	0.00010095310753180863	0.00025156694653237483	0.0002710672582735725
0.020647	-0.00014939336152968783	-9.930561891403652e-05	0.00017938779896369724
0.020707	7.443382437855194e-05	4.979286389906684e-05	8.955290898060267e-05
0.020767	0.000639232104581278	0.0001133336705142114	0.0006492012048661291
0.020827	0.00015836935102436875	-0.0003510112426272374	0.0003850840736704091
0.020887	0.00014627795931662272	-0.00025670003663863717	0.00029545244996803324
0.020947	5.5622794862437016e-05	-0.00014446540398713737	0.00015480357960162146
0.021007	8.594125171495523e-05	-0.00017892816588685494	0.00019849732314055818
0.021067	7.266414452518741e-05	0.0003150248153911677	0.0003232966319215476
0.021127	0.0001455267819029253	0.0004007146634078218	0.0004263218100461968
0.021187	0.0002596433275189917	0.0001459338387973525	0.0002978444943779657
0.021247	0.00021988702145378337	-0.0004094676069975639	0.00046477308805924645
0.021307	0.00011480158529650378	1.1900907546030295e-05	0.00011541679074991469
0.021367	-0.00019552207744841465	0.0004567753362392674	0.0004968627482174929
0.021427	4.499724111757032e-05	5.404327490650995e-05	7.03237319175637e-05
0.021487	6.658948047836395e-05	9.026944950110776e-05	0.00011217277933443326
0.021547	2.9232949961939807e-05	-0.0005206076433353836	0.000521427735801136
0.021607	0.00016633124656165302	8.022226377333934e-05	0.00018466644304711305
0.021667	8.59122090739795e-05	3.370824053946448e-05	9.228842369570283e-05
0.021727	1.1101440990487624e-05	2.3594787245193776e-05	2.6075965508706246e-05
0.021787	0.00039678767751272985	-6.46389680145136e-06	0.00039684032429656885
0.021847	0.0001230672368704165	9.786854081198892e-05	0.00015723802361892984
0.021907	3.0411243839426607e-05	-3.381873938103424e-05	4.548132457595512e-05
0.021967	0.0007026496492563285	-2.7870239340678003e-05	0.0007032021614307994
0.022027	0.00012626851250803803	0.00027064930759262203	0.00029865495969656736
0.022087	0.00012764479508384734	7.877461285988853e-05	0.00014999544440823093
0.022147	0.00019345129841155927	-2.6935961284479682e-05	0.00019531756415498618
0.022207	-4.834368945526044e-05	-2.4037190495787087e-05	5.398980308426228e-05
0.022267	-6.539256799218513e-06	9.127568048407861e-05	9.150962641885134e-05
0.022327	-4.8146078080945344e-05	0.0001061788793516286	0.00011658472993897695
0.022387	0.00033637641166876	-0.00032948247501834744	0.00047085856865025514
0.022447	-2.367370525215148e-05	-0.0003154396250938355	0.00031632673203462467
0.022507	0.00042832835308106884	-0.00011388576846302543	0.00044321004762026166
0.022567	0.00029157702859939955	-2.871454427685855e-05	0.0002929875230447241
0.022627	0.0002615953847731041	-0.00010632587520359057	0.00028237800387494405
0.022687	0.00018913895314973816	-0.00019428182780958087	0.0002711438220126184
0.022747	0.0002551637903633057	0.0002942661576018702	0.000389488294332882
0.022807	0.00011161412922339307	0.00023179644921657338	0.00025726894043336785
0.022867	6.531778916019868e-06	-0.0003082251248702156	0.0003082943264756388
0.022927	0.00010199045707246112	0.00041390202452108217	0.0004262826987299626
0.022987	4.095960326709484e-05	0.0005081016662323646	0.0005097499311700817
0.023047	0.00014951273773842057	0.00042952691625091716	0.0004548048268543993
0.023107	2.8825951469091594e-05	0.0004397365825128972	0.00044068038018298534
0.023167	-3.102314418338835e-05	5.743634572921238e-05	6.527916425436922e-05
0.023227	2.3850244333590832e-05	-0.0001655259657983066	0.0001672354014801715
0.023287	0.00041955521293812395	0.00011200603165239773	0.0004342486935271912
0.023347	8.300701754925015e-05	-0.00039578088387102366	0.00040439173211151365
0.023407	-1.5019916298586038e-05	7.269872941103082e-05	7.423411037787688e-05
0.023467	-2.152964647887877e-05	0.0001003456270495627	0.00010262928697733131
0.023527	0.00036670158157330155	-0.00012289718720562328	0.000386747680731785
0.023587	-8.256079561090684e-05	0.0004089254785808393	0.0004171766196762163
0.023647	-6.096924595263344e-05	0.00014772419822823372	0.00015981141290348196
0.023707	0.00028328635512742004	0.00034869475320303345	0.00044926516659173917
0.023767	6.900734377927584e-05	-0.0005612756518340407	0.0005655018751845112
0.023827	0.00047803268318383435	0.0001267531455122126	0.0004945519245632113
0.023887	0.00025355294383192265	0.00024351765461187898	0.00035155361388201445
0.023947	0.00011599645745257958	-2.8906888889452506e-05	0.00011954407708797311
0.024007	0.00033152019375156056	-0.00020282150473712542	0.00038864148215148633
0.024067	0.0001616244072124585	0.0003284838616711988	0.0003660930160289894
0.024127	1.4386186409350755e-05	2.3894768394011517e-05	2.789125877417583e-05
0.024187	2.032321348910098e-05	-0.0004606539797114056	0.0004611020733313608
0.024247	0.00023619372775318792	-0.0001021836128331127	0.00025734989364982166
0.024307	0.00015884969288364566	-0.00017958615591583135	0.0002397590714151476
0.024367	0.00019940260245983435	0.00030368871185451596	0.00036330184636966815
0.024427	0.00012486268461631335	-1.4426955846976362e-05	0.00012569338512667856
0.024487	0.0006485295600966066	0.000151135759614891	0.000665907357035097
0.024547	0.0002830125636589496	0.0002708714783609135	0.0003917492424730874
0.024607	0.00019522808225543498	0.0001146530523133017	0.00022640522632194596
0.024667	0.00022588102286348887	-0.00023865371258361353	0.0003285998037427868
0.024727	0.00019668909415597916	0.00027124646926283784	0.0003350540954046902
0.024787	0.00014510376171730652	-0.0003099278540040813	0.00034221393360307236
0.024847	7.299976332264038e-05	0.0001141900006230968	0.00013552978155174737
0.024907	4.2929319835426964e-05	-0.0005161864369646526	0.0005179684973121393
0.024967	0.0002817270918519026	-0.0004160394655439959	0.0005024529740915702
0.025027	-0.00013336711212548995	9.546367127877148e-05	0.00016401249687360517
0.025087	0.00041553169341175316	-0.00016543797048898794	0.000447254189817328
0.025147	3.9413125799080785e-06	-0.00017282526122452268	0.00017287019657007696
0.025207	0.0003078270544280537	0.00022488388437132793	0.0003812220571894925
0.025267	-5.5195274249331296e-05	-1.1120044704901146e-05	5.6304295517286194e-05
0.025327	-0.0002681695937077112	7.070886408125094e-07	0.00026817052590414345
0.025387	-0.0001210506885644764	-0.00023257968014950492	0.00026219568421387084
0.025447	0.00017366027498179012	4.2563393821230854e-05	0.0001788002617457037
0.025507	0.00046936538831899986	3.934303380453718e-05	0.00047101140332351876
0.025567	0.000366539679258296	-0.000242259312742471	0.00043936421233553937
0.025627	0.00019410097715855627	4.764853435205532e-06	0.0001941594529302279
0.025687	2.2585469739885422e-05	-0.0001112912647598571	0.00011355989193029328
0.025747	0.0001997365716193772	-9.118766903342238e-05	0.000219567504485549
0.025807	-1.886521197308288e-05	-0.00014070418227440793	0.00014196324570922981
0.025867	-3.74977141418601e-05	-2.5585938756095116e-05	4.5395141016361045e-05
0.025927	3.688480344776396e-05	-0.0003432839781119996	0.00034525987075503
0.025987	-0.00012520273627380816	-6.49363500713361e-05	0.0001410406137643901
0.026047	-0.00023279575311015177	-0.00010699198890921476	0.00025620528557559514
0.026107	0.00022845127445230695	-0.00012198737553006925	0.00025898051005355095
0.026167	-0.00019407719122551418	-0.00036444805458040705	0.00041290233789775056
0.026227	0.0005324242856240766	4.729185690561505e-05	0.0005345204763635247
0.026287	0.00016980573452725578	-6.752453994704308e-05	0.00018273902422143084
0.026347	-0.0001648502141705907	1.7549648020345166e-05	0.00016578173378791654
0.026407	0.00029662030539239295	-2.710431491163162e-05	0.00029785608850232585
0.026467	-2.7696366300995823e-05	-0.00014308790208876607	0.00014574373547581124
0.026527	-9.900951465013212e-06	-2.3447847704401243e-05	2.545251268306023e-05
0.026587	-0.0001531871449061682	1.981348528767011e-05	0.00015446318514049907
0.026647	-0.0002648475549324731	-0.00043410619394711344	0.000508519827516055
0.026707	-7.87702917588992e-05	-6.63348386382462e-05	0.00010298091901388464
0.026767	-5.3748588757117286e-05	-0.00024687978603931174	0.00025266289705494564
0.026827	-9.054281926803323e-05	-6.32585049922647e-05	0.00011045198311872951
0.026887	-1.432611042917136e-05	0.00021340213956305563	0.00021388246915097714
0.026947	2.589771285767469e-05	-0.00014607544671779428	0.00014835338777750148
0.027007	9.795125462085555e-06	0.0001011876309068108	0.00010166061740591078
0.027067	5.189967833411686e-05	0.00028840221512728344	0.0002930348346212591
0.027127	0.00023203497071661153	-0.00024492423769761993	0.0003373842169503769
0.027187	0.00010765747574286576	-0.00018979444002202236	0.00021820188254595508
0.027247	0.00015216025057681774	2.845719000158354e-05	0.0001547984286689829
0.027307	5.8685124171884036e-05	0.0002681223224460469	0.00027446953126518685
0.027367	-0.0002024016742030299	0.00025949000686979187	0.00032909193454941143
0.027427	-0.00016516893389002823	0.00010161961905478578	0.0001939260779245749
0.027487	-8.533450548027407e-05	-0.00016607303314765694	0.0001867143009103097
0.027547	0.0006116913053510989	-1.8563223488760598e-05	0.0006119729130512437
0.027607	0.0004245634016087996	-0.0002297190882465881	0.00048272657011032505
0.027667	8.54551851135147e-05	4.2884647121918746e-05	9.561214160114058e-05
0.027727	0.00040170389939345435	-2.9837921304798435e-05	0.0004028105315600597
0.027787	-4.276851216212279e-05	7.513149183118401e-05	8.645164369369107e-05
0.027847	6.811267771741152e-05	-0.0001769766043641307	0.00018963136702058024
0.027907	-3.054591559721102e-05	0.0002196762507410889	0.0002217897835774536
0.027967	-0.00030093706953867574	-0.00011452733249306937	0.0003219932137646752
0.028027	0.0004522458390807358	-0.000204743243122382	0.000496433373747283
0.028087	-0.00019515274379076702	2.6753193371930074e-05	0.00019697798548228845
0.028147	0.0002933152735591553	0.00011847340109093124	0.0003163381046746262
0.028207	0.0001760910321726511	0.0001131199425306457	0.00020929446483308208
0.028267	-6.972743230986402e-05	0.00027085809925282565	0.0002796891573647077
0.028327	-0.00010589263784003633	-9.355581276039324e-05	0.0001413008876475263
0.028387	-6.866372438684633e-05	-9.802100135271448e-05	0.00011967800028769551
0.028447	-5.616920715612836e-07	-7.035466035498095e-05	7.035690251601462e-05
0.028507	4.190157403753558e-05	0.00025497087999149263	0.00025839096646450163
0.028567	-0.00014786303761017667	0.00020037860789240975	0.0002490282401500051
0.028627	1.2620645172970195e-05	4.984457435052949e-05	5.1417528886241496e-05
0.028687	-0.00021644613049101214	-5.393734871289335e-05	0.00022306538277085605
0.028747	0.000119077494754772	0.00016139308315875258	0.00020056713850618893
0.028807	-0.00022881878003154203	-0.00011646722971516358	0.000256754064607842
0.028867	0.00018062462036882881	-0.0005359756211599884	0.0005655927156189505
0.028927	-0.00012037437329734969	-0.00017572539760349267	0.00021300095095946233
0.028987	-0.00012441577525949653	7.776360763991261e-05	0.0001467189960659349
0.029047	-1.7522872966944513e-05	4.730451857829476e-05	5.044569907276446e-05
0.029107	7.766477523029826e-05	-0.0006797874574365604	0.0006842096203647214
0.029167	-0.00014745712095831238	0.00013760079635442	0.0002016868406185315
0.029227	-0.00010652922489497643	-4.707505661749858e-05	0.00011646689105606435
0.029287	7.125255912405813e-05	2.223258500803507e-05	7.464057219680798e-05
0.029347	-0.00041329988950822055	0.00020114424693280493	0.00045964748094781563
0.029407	4.8248521706862e-05	1.0755761990295922e-05	4.9432845992208745e-05
0.029467	-8.929091226591776e-05	-0.00012191513713073483	0.00015111640438710054
0.029527	-0.0002935028744991753	-0.00012457645706509318	0.00031884672021861794
0.029587	-2.317171363018366e-05	-0.00013614616959556686	0.00013810397462819127
0.029647	9.120100827680673e-05	-0.00011320069243900404	0.0001453685684024444
0.029707	-0.00011796906036332355	5.217961049654163e-05	0.00012899384076217078
0.029767	-3.9871213351834516e-05	-0.00022406786022462113	0.00022758760871318952
0.029827	-3.978638844467236e-05	9.359590276476781e-05	0.00010170127688393213
0.029887	0.0002651325837873991	1.32751498523346e-05	0.00026546471816304355
0.029947	0.00030018510950364477	5.0704400016725535e-05	0.00030443724500916656
0.030007	0.00011127803602399207	3.2337508973130026e-05	0.00011588147301421459
0.030067	-7.254118830569834e-05	-0.00012449021813449234	0.00014408344253236135
0.030127	-9.338946025052524e-05	0.00015493632125679262	0.00018090565201361864
0.030187	-0.0001201286264668652	-0.00020029866131288966	0.00023356035755356966
0.030247	0.0002841348056541297	-7.165574315623882e-05	0.0002930309425835144
0.030307	5.487695727467496e-05	-1.647609126582287e-05	5.729696347212674e-05
0.030367	0.000269107465684803	2.8387913583607634e-05	0.00027060063142004637
0.030427	-7.036001981086753e-05	-0.00044697903771537836	0.0004524829196165876
0.030487	0.0001656200509134969	0.00016715849151854317	0.00023531247852875156
0.030547	-3.718950740319349e-05	-5.349907654511318e-05	6.515528107584268e-05
0.030607	3.1038446651626055e-05	9.040740911464057e-05	9.558705348198484e-05
0.030667	1.3058290496411332e-05	0.00047354809225532736	0.00047372810200509396
0.030727	-9.783469857112277e-05	2.5593810321884913e-05	0.000101127006142252
0.030787	-0.00021406173699481374	2.892162240684543e-05	0.0002160066838963113
0.030847	-0.0003013488526166845	-0.00010246956164974604	0.0003182941124778832
0.030907	5.230166618533442e-05	-0.00022920927389104395	0.0002351007348423687
0.030967	0.00011488338992633084	-0.00017268759623951277	0.000207410701690984
0.031027	0.00019955771820074375	-0.0003528913141396225	0.0004054078964310848
0.031087	0.00016397086645333268	9.30884609120678e-06	0.00016423489172830003
0.031147	0.0004439227023360697	0.00016935418424817757	0.00047512967216510946
0.031207	0.00023849386275010367	-0.00027317087250493103	0.00036263155978840365
0.031267	0.00011285088265685068	-0.0002530191206489402	0.00027704511749964707
0.031327	-0.0001416240867882091	-0.0001533452728495433	0.0002087394420417355
0.031387	0.0004972473039173963	-0.00012380277883074204	0.0005124275649292621
0.031447	-0.00026322744074173997	-0.0003509952333529432	0.0004387326513902667
0.031507	-7.969102830947379e-05	-0.00024120960396685923	0.0002540329369173817
0.031567	-0.0001943265745455395	-0.00022037881187978665	0.0002938190570745021
0.031627	0.00045720255624854785	-0.00032334779007636336	0.0005599892595286757
0.031687	8.749369572977752e-05	0.000252314742020113	0.0002670540691192161
0.031747	-0.000132757264431548	8.09412361408057e-05	0.00015548625330668185
0.031807	5.024996387005783e-05	0.0002349829795321208	0.00024029577511628291
0.031867	0.00011230585690297738	-0.00016583340584592517	0.00020028310959532098
0.031927	-0.00011232755185862572	-0.00017616396501080896	0.00020892874736350137
0.031987	0.00019840321173499254	-0.0002989932958710413	0.00035883258687386283
0.032047	6.96155785931518e-05	4.588286092089357e-05	8.337604997327085e-05
0.032107	0.00048080471539542865	-8.693590367381519e-05	0.0004886010905575856
0.032167	9.503953374671349e-05	6.226758436379701e-05	0.00011362114696347362
0.032227	0.0001943833210845196	0.0003279771763236379	0.0003812530704205202
0.032287	-0.0001891789973216525	0.0002694459370884301	0.0003292260713265097
0.032347	-7.54795165467642e-05	-0.00023044447554390786	0.00024249085287251558
0.032407	0.0001834008624640756	-0.00021920418365008006	0.000285808240752895
0.032467	-8.535722238350486e-05	0.00016917804746062037	0.00018949160180761315
0.032527	6.42496401485652e-05	-0.00013972316812535589	0.00015378745062652734
0.032587	0.00023820351958453472	0.0002925807781466249	0.00037728560598483527
0.032647	2.4100624519345732e-06	-3.126934017449343e-05	3.136207958618837e-05
0.032707	-4.981510785216533e-05	4.63026810381846e-05	6.801090531412387e-05
0.032767	-0.00035199549443604356	0.0002460070482549578	0.000429441842272492
0.032827	0.00018724609070832645	-0.00031463024657982827	0.0003661328864612333
0.032887	0.0001263945178299168	-0.00016455496135263527	0.0002074943600275064
0.032947	0.0001353776050574317	0.00010573287399035101	0.00017177466807811158
0.033007	-0.00019553608892213778	-0.00026398407659406934	0.000328514771001533
0.033067	-0.0003966419187247573	-0.00020911071213896377	0.0004483883379626655
0.033127	6.619834645097997e-05	5.8151483229791325e-05	8.811251939803261e-05
0.033187	0.0003960488750443485	-0.00010009141864787757	0.00040850092228884703
0.033247	0.0001614178944408651	2.415648983563252e-05	0.0001632154179203095
0.033307	5.384820285066519e-05	8.010103367578644e-05	9.651841558052981e-05
0.033367	0.00014788997360340868	3.962323242824829e-05	0.00015310599217692266
0.033427	0.00027443781334572816	0.00010225956617309205	0.00029287050426407525
0.033487	-6.6622882332251e-07	-0.00046398657056617693	0.00046398704887809847
0.033547	-0.00023135612300072202	-1.9772249061144524e-05	0.0002321994777833515
0.033607	-3.132163723860324e-05	-0.0002742655817274492	0.0002760482825152201
0.033667	0.0001525298447523604	0.00012545083819615705	0.00019749244629680787
0.033727	-0.00015044898654004705	-9.702142843319284e-05	0.00017901970597156174
0.033787	-0.0001965295375881205	0.00011656460073909502	0.00022849762644295695
0.033847	-0.00015194085123764655	0.00023569737489650988	0.00028042695093005336
0.033907	0.00019970449872776805	-0.00033232879643950295	0.0003877167983916066
0.033967	-0.0004230380733045106	7.863100215608008e-05	0.0004302836808028652
0.034027	-0.00017362179561552057	0.00020493984067405732	0.0002685979638944897
0.034087	0.0003308186938905008	-7.873666318926944e-05	0.0003400595100237565
0.034147	-0.00016646481635653468	-5.769186528423046e-05	0.00017617856397583848
0.034207	-0.00048681508976575953	8.779191847324539e-05	0.0004946679215118537
0.034267	5.5867946951045856e-05	8.735444365974869e-05	0.00010369197810645277
0.034327	0.00015234427330555338	-1.582552835839197e-05	0.0001531640459011821
0.034387	-0.00011841445538269021	0.000169274170343419	0.00020658104460243192
0.034447	0.00018676643083795266	-0.000188670836593766	0.00026547765305000586
0.034507	1.7604359296125908e-05	0.00029234796609576083	0.0002928775285790209
0.034567	-0.00016231516036090208	-2.2162126357951096e-05	0.00016382115592221644
0.034627	-0.0004447939008477915	-0.00017311171255084015	0.0004772937033459374
0.034687	0.00046648091687760565	-0.00024818050832664	0.0005283919099723623
0.034747	4.0665746002748675e-05	-0.00030415221398359964	0.0003068587169514424
0.034807	0.00017687459623428063	0.000114516531413067	0.0002107098924111532
0.034867	-0.00019986061111157736	0.00014396575696252196	0.00024631362741773974
0.034927	0.0002840446053669985	-7.324359345651122e-05	0.00029333591975841725
0.034987	-2.363995253540877e-05	-0.00011715176072039865	0.00011951310553979392
0.035047	-4.051874232920773e-05	-0.0002790656541028617	0.0002819918576480512
0.035107	9.727070817565445e-05	4.715431077550825e-05	0.00010809773213951597
0.035167	0.00012123155536347498	6.529680557618769e-06	0.00012140727632243401
0.035227	0.0004688420011006264	0.00020074794388846317	0.0005100123125685157
0.035287	0.00023060305642553743	-4.054946219033911e-05	0.00023414104406687295
0.035347	-0.00014492910822573916	-6.212653076241401e-05	0.0001576837094809771
0.035407	-0.0001216342856351834	-7.382303247981803e-05	0.00014228401022777523
0.035467	-9.486632408034316e-05	-3.1788845843720655e-05	0.00010005073795126418
0.035527	0.00015668093807239718	-0.00017672522312524509	0.0002361794251070868
0.035587	0.00012655582615479712	-7.9142610642747e-05	0.00014926463061647486
0.035647	0.00021782411966204924	-1.8117809622356722e-05	0.0002185763073438169
0.035707	0.00019150507241667933	-0.00024968789104115363	0.00031467163153658543
0.035767	-0.0005483749042090635	2.9011581563817296e-05	0.0005491417917360995
0.035827	0.00043463018766448267	0.00022521820792297995	0.000489516742521951
0.035887	-0.000298992586688779	3.610595353877461e-05	0.000301164750221189
0.035947	-0.0001535189465279349	4.573696302468079e-05	0.00016018719277697562
0.036007	-9.465200040271625e-06	-4.191727879285748e-05	4.297264563883049e-05
0.036067	0.0003578785020270539	-0.00037083014958754607	0.0005153562089043362
0.036127	3.331502268988501e-05	-0.00023642505602364	0.00023876075442293458
0.036187	-8.300508125813455e-05	-0.00019768123858101698	0.00021440082929315938
0.036247	-6.16802877979943e-05	-0.00022288695007542387	0.00023126402750269637
0.036307	-5.495579546440054e-07	-5.3980336934523e-05	5.398313430609731e-05
0.036367	0.00045748093199700433	-0.0002080439395145294	0.0005025645072123308
0.036427	-0.00021413416180407014	-3.14362807402528e-05	0.0002164293857088535
0.036487	-2.9713060688568515e-05	0.00040535901173293504	0.00040644654552423535
0.036547	8.462189223454302e-05	-0.00030927623683020485	0.00032064412564899357
0.036607	0.00043113020900687344	0.0001536789879158885	0.0004577013092019316
0.036667	0.00017515256536388416	-0.00016834175161004974	0.0002429349017508382
0.036727	4.4467415695102967e-05	0.00031417398147523653	0.00031730528154224496
0.036787	-1.7705517700493877e-06	-0.00032802759024188385	0.0003280323685453429
0.036847	0.00011107660943946571	-1.6708429118550687e-05	0.00011232624256235599
0.036907	0.00014919090935816134	4.977059930198036e-05	0.00015727377400569174
0.036967	-0.00023187204503825193	0.0002153423762730032	0.00031644428307227296
0.037027	0.00036297678768393575	-0.00015923028544032617	0.0003963665376879798
0.037087	-0.00015880076378276345	2.5910609230592774e-06	0.0001588219008030569
0.037147	-6.056604762142922e-05	0.0001022173443870132	0.00011881343197641624
0.037207	-0.00016345140610274486	-0.00011534315015505431	0.00020005100460796448
0.037267	0.00011450510456906081	4.6472941055889354e-05	0.0001235765075682094
0.037327	-0.00013661285149503457	-9.852441505291056e-05	0.00016843435384482157
0.037387	0.0003135598634109476	9.044121072887795e-05	0.0003263424589911607
0.037447	0.00026415046497402163	0.00013357034278771237	0.0002960008523947504
0.037507	-0.0004108758070494017	1.8102033089219282e-05	0.0004112743760805679
0.037567	-0.00020710979859017402	-2.3718990459884728e-05	0.0002084635679933032
0.037627	-6.84666884797197e-07	-7.700986087630506e-06	7.731361811803695e-06
0.037687	2.1709232514832046e-05	0.00044121957216266807	0.00044175332668333227
0.037747	0.00024839932815651537	-2.4622961915341687e-05	0.0002496167391864828
0.037807	-0.0002074126163546323	-8.283155942043994e-05	0.00022334068294669414
0.037867	8.967212190146714e-05	5.245111259255135e-05	0.00010388555558164995
0.037927	4.615949578566e-05	-0.0003657384072160837	0.0003686397720867137
0.037987	-0.00027063977373192134	6.19754819655189e-05	0.00027764518272522566
0.038047	-6.282109727640418e-05	-0.0001902471628758083	0.00020035087532952226
0.038107	0.00010089140552822293	0.00024692033969606736	0.0002667371925043106
0.038167	5.3983227491016125e-05	0.00021128191924393462	0.00021806934275534309
0.038227	0.0004119444124413048	0.00021887622483657287	0.0004664815116811403
0.038287	9.387020630548988e-05	0.00010344496365959655	0.00013968706503599568
0.038347	-0.0002140722379756542	-3.046160757008828e-05	0.0002162286581553407
0.038407	0.00011594300065609819	0.00012932729122936212	0.00017369032114042575
0.038467	0.00010790667272429194	3.206781001773064e-05	0.00011257084195190475
0.038527	-0.00048739251077280546	0.00035127787606730425	0.0006007891525084117
0.038587	0.00035101246169827374	1.480297372966649e-05	0.0003513244601486257
0.038647	-2.066057182092344e-05	-0.0002844786468044962	0.00028522790837448716
0.038707	0.00011522526992056178	0.00011755336346014773	0.00016460758211291458
0.038767	0.00011997021813787571	0.00039005786112213635	0.0004080906618182108
0.038827	0.0001709784075484951	-5.478257095396532e-05	0.00017954037408935498
0.038887	0.00018230338065911353	0.0003727105808619576	0.00041490685663917327
0.038947	-4.631351797055099e-05	0.0002655236656491895	0.0002695324822105698
0.039007	-6.900920770608083e-05	0.00033499928309077185	0.0003420333177039221
0.039067	-5.5390012114565796e-05	5.641270832745061e-06	5.567654244527156e-05
0.039127	-0.00013771996957679696	-0.00018632814492512923	0.00023170016748261932
0.039187	-0.00023042310294746354	3.9679184815492775e-05	0.00023381455061556673
0.039247	-0.000272386101427563	-0.00024772153248830606	0.00036818493438659536
0.039307	-1.6690585813142493e-05	-9.152856331361409e-05	9.303791462108411e-05
0.039367	0.00036382810675197685	-0.000334646517845782	0.0004943270002427899
0.039427	7.37852709197886e-05	0.00035143767429997037	0.0003590998539711185
0.039487	-1.5463304179309342e-05	0.00014177264097516926	0.00014261344784141533
0.039547	0.0001408225317686863	-6.775444153010507e-05	0.00015627427747649033
0.039607	0.00019092804773913538	-0.0001439340274922372	0.00023910358358588784
0.039667	0.0002860516596341082	-0.00044610784319088306	0.0005299412795167491
0.039727	-0.00015743672864430464	7.731106082797519e-05	0.00017539476518005687
0.039787	1.1703912261768168e-05	0.00014938475136639528	0.00014984253569341017
0.039847	8.358831206676975e-05	0.0001806734352953016	0.00019907259011621168
0.039907	-0.00017228038630394591	-0.00010335223811922189	0.00020090350078903348
0.039967	-0.00018969633313553394	0.00020611300330813286	0.0002801200973471305
0.040027	3.927542481951024e-05	-0.00016791054276079774	0.0001724427712749325
0.040087	0.00016325685152612145	2.8720980519601693e-05	0.0001657639716350613
0.040147	-6.500914275604464e-05	0.0006024196708996845	0.000605917196099236
0.040207	-0.00036668094281781533	1.6404978929226242e-05	0.000367047731445694
0.040267	0.00018395207778192546	-3.152089694569248e-05	0.0001866331531763543
0.040327	0.00021757461536318825	-0.00024470469070183947	0.00032744327585388315
0.040387	-2.9364116557012847e-05	1.2339691565699988e-05	3.1851520043954626e-05
0.040447	-0.000308270634222861	0.0004704049402441567	0.0005624158530218308
0.040507	-0.0003021070649277883	0.00014818460412825373	0.0003364927273804446
0.040567	0.00018278630383288967	0.00012605721603064308	0.00022203885827099201
0.040627	-4.6714218837081296e-05	-0.00010031301625687103	0.00011065676424019452
0.040687	7.296956456493996e-05	-1.7283062814318041e-06	7.299002942456853e-05
0.040747	0.0004012187186178276	2.830154664198988e-05	0.000402215660699158
0.040807	0.00014987612840541733	6.590635275395121e-05	0.00016372691043052575
0.040867	-5.412756124368795e-05	-0.0001478921765779374	0.0001574861542458543
0.040927	-1.6675964555179637e-05	-0.0003947180469424988	0.00039507015120854967
0.040987	0.00042310069683547	-0.00032818959071002397	0.0005354648514263782
0.041047	-6.511997765489532e-05	0.00022610915357103924	0.00023529972549577246
0.041107	0.00016201289153600554	-0.0006076779441495907	0.0006289043336070524
0.041167	0.00015141289748912427	0.00021186084363949035	0.0002604052276619819
0.041227	0.00035275004790807923	0.0002585140862205983	0.00043733525935330566
0.041287	-7.742529457526312e-05	0.0002513504180411826	0.0002630051499296991
0.041347	-0.0001875646060762849	-0.00035472113463065787	0.00040125747943959027
0.041407	7.106927311774464e-05	-0.0004959354262754982	0.0005010017850432718
0.041467	-0.00035965091486916934	-0.0003171304318574612	0.0004795002516957945
0.041527	9.892593460005736e-05	0.0001365899288989919	0.00016865096861010462
0.041587	-0.00037526390911210816	8.669224117254904e-05	0.0003851474343178466
0.041647	-0.00015239534470893462	-8.739528759744874e-05	0.0001756766273105099
0.041707	9.733180813684648e-05	7.316056907893636e-07	9.73345576970209e-05
0.041767	0.00014742130391345978	-0.00010046222219099899	0.00017839758668518563
0.041827	5.420198980959367e-05	0.00023011490073153603	0.00023641218927543473
0.041887	-9.256681190465742e-05	-7.377764458614447e-05	0.00011837126132162181
0.041947	0.00040892359035246646	0.00043739088854392275	0.0005987731558177888
0.042007	-0.0002776241646237981	-0.000129711065020615	0.0003064312927425069
0.042067	-0.00024323411444899032	0.00019824806427884054	0.0003137915381620285
0.042127	0.00012236332163167516	-8.862286547157309e-05	0.00015108538898625943
0.042187	-0.00029002859327470053	0.0002353337538385935	0.0003734950610284765
0.042247	7.955215989925935e-05	-0.00018717283333016075	0.00020337702840163012
0.042307	6.684057537228843e-05	-2.1192255583779817e-05	7.011971343942314e-05
0.042367	8.601241228634805e-05	0.00033200998541050815	0.00034297050234619676
0.042427	0.00048413181399248133	-0.00027018371327418474	0.0005544211866787537
0.042487	-0.0003754923261737772	9.467001028621853e-05	0.00038724268600321814
0.042547	-0.00018067189098359737	-0.00031532296882856136	0.0003634156117483766
0.042607	-0.00019058485419367412	-4.27279849937894e-05	0.00019531581438699097
0.042667	-0.0001405468472498645	-9.126042042688632e-05	0.00016757649181304874
0.042727	0.00016213287902287933	0.00022936257323163094	0.0002808812212656497
0.042787	0.00010781784186875017	3.7629474417644026e-05	0.00011419572833597123
0.042847	3.755905346222919e-05	-0.0003175858086879541	0.00031979904373990927
0.042907	-2.5515851982133052e-05	2.0957736134694294e-05	3.301947010879481e-05
0.042967	-0.00020464963192707723	-0.00011286452998049515	0.00023370895142378752
0.043027	-0.0002337561513805092	8.216548897034579e-06	0.00023390051300500582
0.043087	0.00040653542565452695	-8.531555803528352e-05	0.00041539113706840115
0.043147	-0.0002155960458013404	-2.1999861177923247e-05	0.00021671559440202166
0.043207	4.4697619809656354e-05	-2.6027306051614848e-05	5.1723281768977216e-05
0.043267	-0.0002634655410086997	5.5111684972071706e-05	0.00026916795708157334
0.043327	-0.00019468547316312966	0.00023513246136768035	0.00030526989345426017
0.043387	0.0003922969098408907	7.675899823130026e-05	0.0003997359244303477
0.043447	-0.00016412614377298135	-0.0004079189178167414	0.0004396990272704396
0.043507	-4.9455071928690834e-05	0.00027993601817900366	0.00028427095949707466
0.043567	4.6065212646234877e-05	0.0001270706654803943	0.00013516270876899852
0.043627	0.00017468898767281375	-9.174467861322697e-05	0.0001973153021638129
0.043687	0.0002207109553983879	0.00035149063466263894	0.00041504095230279856
0.043747	-0.0003274712104954109	-0.00020059541088859412	0.0003840259269540191
0.043807	-6.14653302091542e-05	0.000216312607691072	0.00022487581253623519
0.043867	6.797965299079468e-05	6.455976102834607e-05	9.375071180948981e-05
0.043927	0.00020936502503874797	-0.00011161700809499813	0.00023725949971614298
0.043987	3.761903584141182e-05	-1.7276492692362103e-05	4.1396486051193625e-05
0.044047	-6.91396686591905e-05	0.0006271202650674189	0.0006309200588351367
0.044107	8.76168013651795e-05	0.00021756042977720907	0.00023454049647408278
0.044167	0.00038807806260307955	-6.290821036741559e-05	0.00039314377218187084
0.044227	-0.0001418576663716712	-3.479427929204573e-05	0.00014606245027339935
0.044287	-0.00011119872682128457	0.0001380970724957876	0.00017730188458835253
0.044347	-3.44512502058785e-05	9.820183610461697e-05	0.0001040696365664169
0.044407	0.00011486172794661596	4.238572372939313e-05	0.00012243270038248303
0.044467	0.00023239093670960036	-0.00027629494674267737	0.00036103247092235955
0.044527	0.0002936334565123575	-9.411255043102599e-05	0.00030834684842240067
0.044587	3.0256636809602086e-05	-0.00014986669653738974	0.00015289045360014546
0.044647	0.00013808807731067338	0.00029879504241445956	0.00032916074259670944
0.044707	-0.0002482561450397546	-0.0001820667002315281	0.00030786262664246334
0.044767	0.00040815790625899567	-0.00027366429507969046	0.000491411256325281
0.044827	3.6691195030637986e-05	0.0002877374799991878	0.0002900674080089994
0.044887	-0.00048068765541905035	-0.0005397398587989004	0.0007227584224680613
0.044947	0.00041786214396599794	-0.00031131402115151157	0.0005210807913609791
0.045007	0.0002615163135324314	-6.542124129532082e-05	0.0002695750749906481
0.045067	0.0002197997665121933	-6.958859624484927e-06	0.00021990989765376177
0.045127	0.00012179347900188051	0.0003515798190854518	0.00037207797666018947
0.045187	6.74419098021797e-05	0.0001766609947226378	0.00018909658445925774
0.045247	0.00010272722372023256	0.00012382676117463868	0.00016089110999762454
0.045307	0.00043112334506039654	-0.00012627014752835295	0.00044923433619092136
0.045367	2.8369681134302795e-05	-0.00012352515829965017	0.0001267410886043498
0.045427	5.4740979297783796e-05	-6.671491147433925e-05	8.629863398402849e-05
0.045487	8.402903596115404e-06	0.0001770003313794135	0.00017719967860373734
0.045547	-3.9342255304683716e-05	-8.350132907038669e-05	9.230538992377378e-05
0.045607	0.0006997490961227267	0.0004455397572781522	0.0008295507656798635
0.045667	-3.434965217156261e-05	-0.00015992932907168026	0.00016357655364270616
0.045727	-0.00017196690346976272	0.0002393423986497774	0.00029471579475896375
0.045787	-0.00029575504628818095	0.00022734933727176375	0.0003730399021054373
0.045847	0.0002724874315507031	0.00014889800500885516	0.0003105157262502435
0.045907	-9.926022049056323e-05	-8.960034621919269e-05	0.0001337191587411259
0.045967	0.00018550520372760969	-0.00019593489450862913	0.00026981968700621084
0.046027	-2.8873298081537873e-05	-0.0001839913170710137	0.00018624304577522253
0.046087	9.921091579204916e-05	-1.8566318369295958e-06	9.922828676378007e-05
0.046147	-0.0002402331348055466	-4.520489498746754e-05	0.00024444926178928805
0.046207	-0.00010295431184949418	-0.00027372876824079085	0.00029245004512057013
0.046267	0.0002578500222188435	4.8233082219929253e-05	0.00026232244314715536
0.046327	-0.0003340131084783173	0.00018864964490308177	0.0003836058460938871
0.046387	0.00011001117988196322	-0.00029978088110714664	0.0003193290409223672
0.046447	0.00026011432815828937	-0.0003262102037221999	0.0004172200387394132
0.046507	0.00011104267637522903	-0.00014250435660781902	0.00018065981188073428
0.046567	0.00010848520986345782	7.306603851975833e-05	0.00013079635600462763
0.046627	-0.00014237805451410804	0.0001786347832533817	0.00022843357063970476
0.046687	0.00021242860373053377	0.00031925104575105886	0.0003834672631347412
0.046747	-3.321950098120494e-05	-6.265608953766495e-05	7.09177044297978e-05
0.046807	0.00020293828606459224	-0.00015316497555462229	0.00025425077716200264
0.046867	3.8699146516755546e-05	-0.00021881967215220025	0.00022221537494494326
0.046927	-5.282414831438994e-05	5.176028489203362e-05	7.395618795777098e-05
0.046987	3.3302094553902577e-06	-0.00021113132606058644	0.0002111575884005082
0.047047	0.0002329206618493724	0.00013704507176206938	0.00027024689898428147
0.047107	-0.00013976499928487312	-8.003542637707896e-05	0.00016105876101740448
0.047167	-0.00010417134809339581	0.00028248721893034195	0.0003010825445332133
0.047227	-7.3911194143032045e-06	-6.166077789026501e-05	6.210217529385813e-05
0.047287	0.00011145981793760643	-0.0002197203435666432	0.0002463743501091948
0.047347	0.0002506867600713703	-0.00032710733969765616	0.00041212020498776643
0.047407	-8.526246438207518e-05	-0.0004179626151390209	0.0004265705515929973
0.047467	-0.00024317677394425052	4.404311449330127e-05	0.0002471330397178879
0.047527	0.0003195944164700007	0.00017694148423739743	0.0003653065560360687
0.047587	-0.0002536797616982985	-0.00015394142032670958	0.0002967345318420325
0.047647	0.00015534049476116158	0.00011755194963608242	0.00019480536485396525
0.047707	3.4213147861043416e-05	-5.7476820964101106e-05	6.688889619885315e-05
0.047767	-0.00014438448910239542	5.056288236491763e-05	0.0001529819785674386
0.047827	0.00014658028975052676	-0.0002990744222100189	0.0003330634944925742
0.047887	-3.078601446714078e-05	-0.000357787413801963	0.0003591094709999558
0.047947	0.00012054609553800166	-1.0976096003449817e-05	0.00012104476788748025
0.048007	0.00024839594596810826	0.00021674603695527578	0.00032966557373982673
0.048067	0.0006073689682715911	0.0003081178965494119	0.0006810533766110636
0.048127	-0.00011481992054147542	9.15197990449101e-05	0.00014683149447707551
0.048187	6.418666685560258e-05	0.0001432449536198186	0.00015696829278416739
0.048247	-1.8994287696959207e-05	-0.0002085527891485877	0.00020941597080158462
0.048307	-0.00041281706892468747	0.0002986315045043228	0.0005095083001071578
0.048367	0.00030126731095877373	7.161110644750171e-05	0.00030966133633207404
0.048427	0.00014235107517627428	0.000284848206191199	0.0003184373237768857
0.048487	-0.00030388575895907484	0.0003059999603802616	0.00043125691907592
0.048547	0.00017838043879268812	0.0003330356460797168	0.0003777993151179689
0.048607	-0.00012809355895479642	0.0001944384236532425	0.00023283955943624295
0.048667	-0.00020440178096906063	1.0506449783362245e-05	0.00020467162370581358
0.048727	0.00019936686661950825	0.00011941708832681686	0.00023239532802992312
0.048787	-0.0003413003177893632	-0.000579261597675724	0.0006723316930391967
0.048847	5.0091123254033145e-06	-0.00014349096250949913	0.00014357836720129877
0.048907	0.00028654632001041643	8.167774901545515e-05	0.0002979598096987976
0.048967	0.00018146881958016478	-9.773490214865035e-05	0.0002061141518135634
0.049027	-0.0003252005310679986	-6.69897580866877e-05	0.00033202863294514416
0.049087	-0.0002959506864685284	-0.00010931193928561281	0.0003154931201968986
0.049147	0.00010625840747157236	0.00020690845914692006	0.00023259827949696316
0.049207	0.0001073423965453972	3.567537014336474e-05	0.00011311552559651297
0.049267	0.0002129236823113634	-0.00015327387996057283	0.0002623535339331233
0.049327	-6.328171708559021e-05	-9.596730633945554e-05	0.00011495346712192539
0.049387	-0.00022224357968599675	0.00015715660404053172	0.0002721955306488306
0.049447	0.00017032891777623852	9.690530756373676e-05	0.0001959657594194635
0.049507	1.5310721324618567e-05	-0.0002517320343877508	0.00025219721514020704
0.049567	-0.00025286433169915723	0.00025380564720322804	0.00035827039620642796
0.049627	0.0004081254049187091	-6.532910903852236e-05	0.0004133209874030442
0.049687	-0.00013172138279493882	9.408980173870854e-05	0.0001618746844835235
0.049747	0.00013155795625395113	4.8147012465755165e-05	0.0001400915081762421
0.049807	0.000363919532298416	8.261392620200047e-05	0.000373178893817439
0.049867	-0.0001707726944883283	-5.344506243897743e-05	0.00017894045904129707
0.049927	-0.0001639580357727503	7.537409364986995e-05	0.00018045357155788808
0.049987	9.889786398404877e-05	2.8800584114244835e-06	9.893979096935988e-05
0.050047	0.00011938427343637862	-0.0005268483474215559	0.0005402053183047687
0.050107	-0.00025229755606247944	-0.00018931896392378113	0.0003154294325142692
0.050167	-0.00025748792397970035	-0.00020240137258425875	0.00032751541432330766
0.050227	7.06413530597148e-05	-0.00013307659018725094	0.00015066379663997856
0.050287	0.00032174449477155305	0.00027250939253741326	0.00042164071072052793
0.050347	-1.5777179347510775e-05	-0.00014939699770242165	0.00015022776810783318
0.050407	0.00024207870522135135	-0.0007876414861887306	0.0008240031615759967
0.050467	0.0001789559550912195	-0.0004273610598204146	0.0004633170721152401
0.050527	0.00012282144675884689	5.736343649699576e-05	0.0001355568944417108
0.050587	-0.00014056023529193922	0.00024042089581797837	0.00027849485972140405
0.050647	0.0001303293807230426	0.0004949655842636212	0.0005118365726333745
0.050707	0.00011356391540811476	8.644006023980427e-05	0.0001427187685522911
0.050767	0.00010143968793717037	-2.5572956079735006e-05	0.0001046135095073603
0.050827	-0.0005639373684977097	0.00024918425865929153	0.0006165372254387421
0.050887	-3.0775666299262606e-05	2.5523299621120076e-06	3.088132161030455e-05
0.050947	0.00021357060112627197	-1.7554850659222954e-05	0.00021429086412421967
0.051007	0.00010603596567154175	0.00017251221787524464	0.0002024946698857337
0.051067	-0.0002604770585802448	-0.0001571819967058419	0.00030422767483424573
0.051127	0.00019043345033073478	-0.0002226523729180266	0.00029298289740340886
0.051187	-0.00041720286186126257	-0.00012731459892611238	0.00043619632626254955
0.051247	-0.00014093457239998391	9.514956316088234e-05	0.00017004703192726725
0.051307	-0.0002280885510619379	-0.0005176660960425014	0.0005656877001645153
0.051367	-0.0003130166211260701	-0.0002197662209490741	0.00038246123590688117
0.051427	-0.00046577056552860117	-0.00015538504968006694	0.0004910058384346461
0.051487	-9.039379988044042e-05	0.00026956523194998167	0.00028431752202963596
0.051547	-6.641404672335364e-05	-0.00037113213826047234	0.00037702770409077656
0.051607	0.0002852068032706601	0.00024754444182098896	0.0003776521829783776
0.051667	8.499181500008914e-05	-0.00028496276224997715	0.00029736742337745466
0.051727	-0.00031875101156724595	0.00010103777365986367	0.0003343812780065361
0.051787	-0.0003893381160841955	6.963199751620528e-05	0.00039551584508599314
0.051847	2.5019352601928245e-05	-0.00016394208896598617	0.00016584021387815122
0.051907	-0.00017769319748880708	2.904627063496899e-05	0.00018005154337465717
0.051967	5.83054235412541e-05	-4.224501457696737e-05	7.20011365947317e-05
0.052027	-0.0003919443606256227	-2.8005405842377127e-05	0.0003929436150169951
0.052087	0.0001941298067745966	-2.7573679498100963e-05	0.00019607827436869747
0.052147	0.0003895054578659693	-0.0002446410450865317	0.00045996058814686377
0.052207	-9.399533498530269e-05	7.365683117794203e-05	0.00011941713352017423
0.052267	0.000500284839421198	2.8934854418949564e-05	0.0005011208899606358
0.052327	-9.431472591408261e-05	-0.0002762134791816558	0.0002918718102281951
0.052387	-9.816870329074075e-05	-0.0003245999065159963	0.00033911973345115
0.052447	-1.2810268243771604e-05	0.00034223752414176386	0.0003424771903399725
0.052507	-1.769456357964111e-05	-0.0003194601200615912	0.00031994978651350936
0.052567	-5.750434331652679e-07	3.459063512893792e-06	3.5065360879733776e-06
0.052627	-0.00016110012958422238	-3.314205646797512e-05	0.00016447385098847687
0.052687	0.00013034622457440168	-5.255857979591632e-06	0.00013045214564698425
0.052747	0.00021267804376903795	3.833420379327398e-05	0.00021610520928910782
0.052807	0.0002541646425423784	8.478858053259877e-05	0.00026793426228727816
0.052867	-0.00030643959371867024	4.145771068455093e-05	0.0003092312506420844
0.052927	0.0001408396760445769	5.014918478781108e-05	0.0001495016892320063
0.052987	0.00019225635907425093	0.00028286203837506153	0.00034201380141477054
0.053047	0.00024637605439292417	4.5287242139217573e-05	0.0002505036815673599
0.053107	0.000294863378515215	0.00019281877999953635	0.00035231164316541763
0.053167	9.855071290916943e-05	0.000126370967965361	0.00016025562255162165
0.053227	-3.9942003904097265e-06	5.115575735155699e-05	5.131145239583583e-05
0.053287	-0.0002230647195968898	-0.0001175174998712526	0.00025212741204563404
0.053347	-4.701263713893139e-05	0.00013463975936622955	0.00014261154530034736
0.053407	0.00036794872871792476	4.345099300740338e-05	0.0003705054058424336
0.053467	-0.00022021323256765727	9.570356227583309e-05	0.00024011047380358353
0.053527	0.00020991756400359353	0.0002402204516089252	0.0003190160639347159
0.053587	0.0002640249909350435	0.00023777246888816866	0.00035530964354971417
0.053647	0.0001032270821513698	7.991267998752307e-05	0.0001305445016546998
0.053707	1.476273095960299e-07	5.686571802239746e-06	5.688487732655029e-06
0.053767	-5.856457108307883e-06	0.00024264993092912697	0.00024272059465519513
0.053827	-9.668770401206344e-05	0.0001669076473400991	0.00019289031818038789
0.053887	4.083704360368203e-06	0.00018567932498499983	0.00018572422665928123
0.053947	0.00011816912046905617	-0.00010155630999371512	0.00015581278873048218
0.054007	3.8162806222597693e-05	9.957056656121306e-05	0.00010663347271895679
0.054067	0.0002476051800001677	0.0001412201123532842	0.0002850463914803863
0.054127	0.00013280106053415377	0.0005027772438751748	0.0005200202675259042
0.054187	-0.00014503427383770213	-0.0004111682180509183	0.0004359979863747046
0.054247	4.701823279605385e-06	0.00015087323427877289	0.00015094648046208342
0.054307	0.00016070534474390863	0.00013217605461884714	0.00020807863235772908
0.054367	0.0002760850076006492	0.00020465118750452883	0.0003436641383223806
0.054427	0.00016482454485360233	0.00012913877924228948	0.00020938948132699013
0.054487	0.00017369810426300314	0.00015372932161944092	0.0002319563229363119
0.054547	0.00027642223585777034	1.1888452461315173e-05	0.000276677768854915
0.054607	-7.590597558330881e-06	0.0002913019595159199	0.00029140083868978
0.054667	0.00027950566264412706	-4.5958207929806466e-05	0.00028325884333282853
0.054727	0.00010008866967212238	-0.00016559267428128852	0.00019349076353243361
0.054787	1.7745320907362451e-06	-6.98161648388753e-05	6.98387130247262e-05
0.054847	2.45120625232379e-05	-1.778242316020158e-05	3.028292889717898e-05
0.054907	5.6765437355402887e-05	7.692290916348985e-05	9.560046460307962e-05
0.054967	-0.00036317190925846314	0.00020913389970859446	0.0004190833135329559
0.055027	-8.689658521599015e-05	-0.0002978570798604896	0.00031027384121968437
0.055087	9.05226695570507e-05	-0.0002412637706655951	0.00025768694328490117
0.055147	1.067276383824791e-05	-0.00014349023642071436	0.00014388660756310684
0.055207	-6.165161973692272e-05	0.0001259663649821607	0.00014024424167503294
0.055267	0.00024022702798503787	-8.908197959743317e-05	0.00025621206853605017
0.055327	0.0003869723260467608	-0.00020019197440529203	0.0004356884296631363
0.055387	-0.0004829167296940898	0.00018433678792110367	0.0005169029108057958
0.055447	0.00023537548384934724	-0.00017106502970573145	0.000290972271506302
0.055507	0.00010333527537102676	-0.00012718245357238293	0.00016387054534814142
0.055567	0.00022258499547119257	-0.0001488224283459874	0.00026775398295395605
0.055627	-8.016265992701684e-05	0.00012462053275031956	0.00014817668247584713
0.055687	-0.0001477144266979397	0.0003862432086680609	0.00041352553499983554
0.055747	-0.00034038934340915704	-0.0001456452804785894	0.0003702397234660322
0.055807	0.0002676551636025751	-1.5822772202684688e-06	0.0002676598404772801
0.055867	1.9019661213633233e-05	-0.0001503184207854745	0.00015151691370972534
0.055927	-5.2966366569944674e-05	-7.380482976683758e-05	9.084376084538567e-05
0.055987	-4.7524965187612764e-05	0.0003769210797785786	0.0003799054128300009
0.056047	-5.673554736855606e-05	-5.292593860461948e-06	5.698187330179193e-05
0.056107	0.0001432651487231319	-4.2760631513369136e-06	0.0001433289487672861
0.056167	-0.0002196840994367325	-0.00012887826283748867	0.0002546972912642319
0.056227	0.00017350700655757625	-0.00022060308149357498	0.00028066065076713496
0.056287	0.00028853314311064415	-0.00015687868373977188	0.00032842395784295463
0.056347	0.0004328015806093366	-0.0003065157568141439	0.0005303481095971659
0.056407	-6.112699312380761e-06	-3.4027804134779873e-06	6.9959993872162145e-06
0.056467	-0.0001121121599714879	0.0003557216715063189	0.0003729705671936084
0.056527	-7.212480876747122e-05	-5.293188795302107e-05	8.946380721842476e-05
0.056587	0.00020690000693462788	9.980305148717105e-05	0.00022971343442580798
0.056647	-4.873412830862079e-05	0.00012499186797540257	0.0001341565589972461
0.056707	0.00028753147216382724	9.260762272511174e-06	0.0002876805679961122
0.056767	-3.69645549565925e-05	3.489684555965685e-05	5.083471405598235e-05
0.056827	-0.0001370233398385421	-9.832021429087498e-05	0.00016864833292597997
0.056887	-8.968762224903338e-05	6.21523349257481e-06	8.99027180459664e-05
0.056947	-1.990173758535431e-05	-0.0002289660070127309	0.0002298293095457371
0.057007	-3.740071206562039e-05	-9.486641232546083e-05	0.00010197278779419433
0.057067	-9.857389081963506e-05	-1.9802890542342002e-05	0.00010054335594733902
0.057127	0.00017085259126411713	-0.00013362635217420752	0.0002169023050524102
0.057187	0.00023915600089173826	0.00017144711474702146	0.0002942612885134697
0.057247	0.0002963389054827704	0.0004251185006826217	0.0005182108514160685
0.057307	-0.00011503010366689785	-4.541319369053247e-05	0.0001236700566458635
0.057367	9.421265255991235e-05	-0.0003081176217460893	0.00032219946109955075
0.057427	0.00016898031396935382	0.00011608367036874198	0.00020501162170828303
0.057487	-4.3367012920011706e-05	-0.00030369622528922705	0.00030677694676186057
0.057547	6.727676268787188e-05	5.2224877371211273e-05	8.516807273972029e-05
0.057607	0.00017576346582061787	-8.040935700464162e-05	0.00019328336868746731
0.057667	-0.0002939567660261177	-5.661033078492594e-06	0.00029401127119219343
0.057727	-0.00022196649392894026	-9.570894266799652e-05	0.00024172158805893222
0.057787	0.00027895097139271456	-4.1015972900613505e-06	0.00027898112398739254
0.057847	-0.00016436406131195564	0.0005061053053270428	0.0005321260421471022
0.057907	0.00029451972356447497	0.0004524351193295563	0.0005398512802348853
0.057967	0.00019779066633588883	-6.64777615373686e-05	0.00020866346222713297
0.058027	0.0002922605926956995	4.984590221337114e-05	0.00029648080546690797
0.058087	-0.0003639971907014797	0.00020959623441000447	0.00042002920888602847
0.058147	-9.361874483595523e-05	-0.00013088329482301297	0.00016091894309989556
0.058207	0.0004796049003580569	-8.347376952099412e-05	0.0004868148833442808
0.058267	0.00026359026862179816	0.00020108207654022072	0.00033153254925849876
0.058327	-6.166116392553755e-05	-0.0003376139891288081	0.0003431986375149514
0.058387	0.00013769965000543958	0.00011790829124089396	0.00018128309009658906
0.058447	-0.00024341911423940568	-0.0002169523438329193	0.00032606929427913644
0.058507	-6.614333048962896e-05	-0.00028891844702194473	0.00029639299788934383
0.058567	0.0001049054175883827	-6.617159524085533e-05	0.00012403155508221503
0.058627	0.0003635967417499634	-8.54466631935999e-06	0.00036369712939986036
0.058687	-0.00014692364971754209	-0.0002924191404757136	0.00032725450732247854
0.058747	-2.872599643175046e-05	-0.00014726099973036243	0.00015003661190717
0.058807	-0.0003917757529386881	0.000293469996131447	0.0004895026856106793
0.058867	0.00016567073555583258	0.0002206798299031963	0.00027594633526414924
0.058927	0.000266362418790469	-0.00045446400793141227	0.0005267698478927889
0.058987	-0.00018712766452637174	-1.7692742932156583e-05	0.0001879622195643521
0.059047	0.00032497532046642653	0.00019682836626964427	0.0003799346847559905
0.059107	-9.140928763422168e-05	8.064663172984004e-05	0.00012189970088217738
0.059167	-5.135804454493518e-05	0.00013075420064451518	0.00014047885864309148
0.059227	0.00026486216488613213	4.464239719580692e-05	0.00026859804544254756
0.059287	-1.3226044915775253e-05	6.88263744805813e-05	7.00856482331106e-05
0.059347	0.0002919281146655568	6.662812190662505e-05	0.00029943501926292884
0.059407	-0.0002354935747502897	0.00012178475262309487	0.00026512025520532886
0.059467	0.0001062449572226507	0.00010071486648266613	0.0001463949290988733
0.059527	0.00011133703435199425	-0.00048278983595722224	0.0004954613616841365
0.059587	0.0003999772302864163	1.0619920648994324e-05	0.0004001181918660833
0.059647	-0.00022335540575060434	-0.00041529390257598597	0.00047154709499138005
0.059707	-0.00013457748531398925	-0.00022868305820559064	0.00026534325064658896
0.059767	-2.9589318093882676e-05	-4.692972023173084e-05	5.547906259382452e-05
0.059827	-0.00011911790918086522	0.00021632640605921764	0.00024695382209254904
0.059887	-6.675350779693031e-05	-6.2331609821828854e-06	6.704388934887834e-05
0.059947	-2.8284121497827616e-05	-9.308829310037553e-05	9.729039953276631e-05
0.060007	2.443382503832116e-05	-0.00037151056237817346	0.00037231318773923387
0.060067	1.0357214860198328e-08	-0.0003001073247063659	0.00030010732488508843
0.060127	2.539105186972292e-05	0.00013310057990123267	0.00013550081138168652
0.060187	-0.00014270554467884253	-0.00022540528499951024	0.00026678158667306024
0.060247	-0.00011095803554713745	0.00014140179300856117	0.00017973912406183524
0.060307	-4.700845892708463e-05	0.00010608445689350629	0.0001160332159559908
0.060367	-2.0169038702452324e-05	0.00026285432797760924	0.00026362698621108875
0.060427	0.00011456711831225123	0.00013008368122599843	0.00017334182622691081
0.060487	0.00010292560308720232	-0.0001385343471617118	0.00017258460277320802
0.060547	-9.186660752320396e-05	-7.125198930317366e-05	0.00011625970736881272
0.060607	7.943152472050728e-05	-0.00022400675204943446	0.0002376728677892396
0.060667	0.0002801629198018984	0.00012356751872711456	0.0003062028630112736
0.060727	-0.00014881823521569395	-0.00034793521464246825	0.00037842539650638415
0.060787	1.2075041684312803e-05	3.657513864602504e-05	3.8516845647766203e-05
0.060847	3.0008111098675447e-05	8.888720981239667e-05	9.381589843914236e-05
0.060907	-0.0001383382939037973	-0.0003043550663150091	0.0003343194429760659
0.060967	-8.086716616705238e-05	-0.0003850445309229774	0.0003934447729448002
0.061027	0.00038116871988400417	-7.454881046853853e-05	0.0003883904197586296
0.061087	-7.231336165101332e-05	-3.6331847388023264e-05	8.092728469371043e-05
0.061147	6.931206418706021e-05	-1.449957409582387e-05	7.081242751686628e-05
0.061207	-0.00016450205751807704	0.000255611755144016	0.0003039708806703121
0.061267	-0.0001422167098608516	-0.00029590524652739784	0.0003283070323433321
0.061327	4.123234341350541e-05	0.00016689880823679348	0.00017191660284635455
0.061387	0.0001616445073644374	0.0001361091231266508	0.00021131644554884374
0.061447	9.281518746875672e-05	-4.437094476263853e-05	0.00010287584635855772
0.061507	0.00030130553777052633	-0.0001344880425476015	0.00032995766498063287
0.061567	-2.2120504337773568e-05	-0.00036599032897950625	0.000366658202715669
0.061627	-0.00015501673052724252	0.00011373089496275706	0.00019226258921689732
0.061687	0.00017571813730240065	-3.3895775235337716e-05	0.00017895750153550384
0.061747	0.0002149564627598636	-0.0003894428627806498	0.00044482808393020857
0.061807	8.78294725238547e-06	0.00022597448968018815	0.00022614510861095283
0.061867	0.0001602524255219487	0.00016940923502273384	0.00023319590218667132
0.061927	-1.332316919861321e-05	0.00042646969074679447	0.0004266777518961604
0.061987	6.635406948708081e-05	-0.000265447691246937	0.0002736153126669367
0.062047	-6.047616641282442e-05	0.0002772461964046925	0.00028376543151846555
0.062107	8.171436495117316e-05	0.00011160684342029041	0.00013832326246013263
0.062167	-0.0005367722884734758	0.0003207920906256783	0.000625325559273764
0.062227	-0.0003493892565916756	-0.00031247535262669476	0.0004687362783280818
0.062287	8.981671867302155e-05	1.9730805182382576e-05	9.195840160819364e-05
0.062347	0.0003404016870098017	-1.7452174871413297e-05	0.0003408487742780681
0.062407	0.00019603090574638754	-8.728255348952645e-05	0.00021458415633825607
0.062467	0.00013114984697378717	6.325919416500856e-05	0.00014560909314893092
0.062527	8.615181501349573e-05	4.0893007674483244e-05	9.536442369555292e-05
0.062587	3.780984819359208e-06	0.00012410685000653694	0.00012416443156052897
0.062647	4.241102709195918e-05	0.00021043041252712515	0.00021466171930582071
0.062707	7.491717500025043e-05	-0.0005004908319047802	0.0005060668492706839
0.062767	2.8697234917217365e-05	-9.138958122272242e-06	3.0117301463687038e-05
0.062827	0.00012176377691265398	-4.788968863940386e-05	0.00013084280509838368
0.062887	-6.974952499633444e-05	0.0002598128054628595	0.00026901243487931177
0.062947	-1.6560598602236644e-05	-0.00015162678883569322	0.0001525284777301875
0.063007	0.00020166768547184513	-2.204177911333655e-05	0.00020286866537258083
0.063067	-5.065577293956441e-05	-0.00031854957990936803	0.0003225520767140394
0.063127	0.0003364625516693627	-0.00035691475863614246	0.0004905050393300301
0.063187	-0.0002754907024858726	0.00022007455105622534	0.0003526016664435361
0.063247	-0.00017253853507700082	0.00038658330391841444	0.000423339340192941
0.063307	5.995081601671662e-05	0.0003056742171573682	0.0003114977164857554
0.063367	-0.00010050738127034156	0.0002339277706051321	0.0002546054507470512
0.063427	-2.9237584415319393e-05	-0.0001091797195415355	0.00011302675568913441
0.063487	-0.00020346040322814928	0.00022537995483096736	0.00030363178312121735
0.063547	4.7750005479675594e-05	0.00023471295871377074	0.00023952084671585749
0.063607	-0.0003362282818806432	-0.0003323708439966397	0.00047277884414961705
0.063667	0.0005337938986645179	-2.7741550945270882e-05	0.0005345142840938067
0.063727	0.00010425488846223845	-6.476831388838614e-05	0.0001227355541488215
0.063787	-5.057222253037745e-05	-0.0002270890378614047	0.0002326520595405949
0.063847	-0.0001158117683961333	-0.0003016785621100931	0.00032314442674422365
0.063907	-0.00018440316028227086	-0.0002178927760204658	0.0002854501486494511
0.063967	5.755236579284211e-05	0.00021075335840639223	0.00021847025630031727
0.064027	-0.00013420320930391294	-0.00039434034769321257	0.0004165510907515111
0.064087	0.0003023382652115891	-7.000581867540742e-05	0.0003103373023978381
0.064147	0.0002449455275983102	-0.0002026798222110069	0.00031792675543574483
0.064207	2.278213719858146e-05	-0.00023700565033556474	0.00023809809756971802
0.064267	1.6220512016776746e-05	-0.00010605779336358799	0.00010729100867845323
0.064327	0.00012665279651167	0.00018707358902982614	0.00022591471527265943
0.064387	-0.0001511899818235673	6.038062942444544e-05	0.0001628012008969922
0.064447	4.4248152709146476e-05	0.00027910456766006204	0.0002825902664758326
0.064507	0.00012308772462911525	-0.00027623909198810134	0.0003024212689226464
0.064567	-0.00016134071704673953	0.000490266834477178	0.0005161321497111265
0.064627	-0.00016698516194718881	-0.00017465837148065766	0.00024163938221822263
0.064687	-0.00041220717265418196	0.00025756225787932035	0.0004860587103133202
0.064747	0.0003373472180884318	-0.00014129921250232726	0.00036574391725055635
0.064807	-0.00038556826262383113	5.8107165309812854e-05	0.00038992220737360105
0.064867	5.635190783845169e-05	0.00025011752497469686	0.00025638703909617086
0.064927	-0.00014082470408072716	6.038305427328302e-05	0.00015322437966196702
0.064987	0.0002687032269293889	-0.00012702354669657032	0.00029721441011102144
0.065047	0.0003774429900197965	-0.00024376226174211113	0.00044931420071561695
0.065107	-5.6831356658522565e-05	0.00012393012087575793	0.0001363395685776076
0.065167	8.315182588744055e-05	-0.00012738668203318858	0.00015212361061925895
0.065227	-4.99129837408451e-05	0.00044872464571652556	0.00045149209696221176
0.065287	0.00033937920238781035	-0.0002649108071819966	0.00043052988139640586
0.065347	7.554126713355864e-05	3.295831145947524e-05	8.241804010290127e-05
0.065407	0.00024444074083980287	-3.016080500158409e-05	0.00024629443749434385
0.065467	0.00012867281495355205	-0.0003580190607721218	0.0003804396682579556
0.065527	-0.0001113143323404851	-0.00025515231168128253	0.0002783766921649697
0.065587	0.00018112975743517923	6.8644143498191115e-06	0.00018125978377150532
0.065647	4.4014630143250096e-05	-0.00021494426725933446	0.00021940447965868723
0.065707	6.623597255723332e-05	-0.00016872743666834585	0.00018126266009653842
0.065767	-0.0001932781583067603	0.0003821757894624297	0.0004282695185624171
0.065827	0.0001900609842906553	-0.0001061021421272654	0.00021767140904015655
0.065887	2.583366603149386e-05	0.00038430944256980805	0.00038517674637618426
0.065947	-0.00014445462508150177	0.0002176804181524377	0.0002612506519694398
0.066007	3.2779031744478485e-05	-0.00028020501361063606	0.0002821157822147536
0.066067	0.0001127158810392145	-0.00010255460674399273	0.00015238870431518654
0.066127	-0.0004325399583106832	1.0565787975677944e-05	0.0004326689859591909
0.066187	-0.00014935542559982616	-6.642175060780775e-05	0.00016345914507885759
0.066247	-0.00021413563980961488	-8.104030513256572e-05	0.00022895764519371804
0.066307	7.695907016104633e-05	-0.0002477735832306158	0.0002594502785255621
0.066367	0.0003560111401864219	3.167968196095118e-05	0.000357417870546484
0.066427	0.00017066551348768322	-0.00041006745803577697	0.0004441644263490023
0.066487	8.862255740726845e-05	-0.00011299416652759978	0.0001436023654076476
0.066547	5.251130575294369e-05	0.00020480627641434836	0.0002114309534826668
0.066607	0.0002744331676174437	-0.00020284463593593348	0.0003412616442211538
0.066667	-0.00015604611473761756	0.00027910603543590214	0.0003197664287279901
0.066727	-0.0003654444903944752	0.0003696408980923159	0.0005197923326696649
0.066787	0.0002191949728868905	5.014050014201162e-05	0.00022485663408798
0.066847	-9.942186854122666e-05	0.00018198776218420276	0.00020737466944890568
0.066907	0.00012552273236201577	0.0001255443347332252	0.00017753122633281824
0.066967	0.0002378461783304248	-0.00011593816987074148	0.00026459868438706406
0.067027	0.0003602329402168103	0.00016250834829020767	0.00039519202228949343
0.067087	-3.723675274573229e-07	4.410945402194619e-05	4.411102573835355e-05
0.067147	-0.00017741631721068397	0.00015098063079784014	0.00023296287362735665
0.067207	-0.0004467531898425961	3.954955447926065e-05	0.00044850036777470176
0.067267	-0.00018269311076943203	0.00011042650911585825	0.00021347315203117857
0.067327	-0.0003226230984524277	-0.00021563099552271447	0.00038804946834799527
0.067387	-0.00016006514715469688	0.00025707731163500326	0.00030283592173177765
0.067447	0.00043353252500056525	-0.00011769938149793186	0.0004492255498503635
0.067507	0.0006461392148769086	-0.00011973120201280688	0.000657138832924352
0.067567	-0.0003060480584535355	-0.0001481842254209806	0.0003400352610344913
0.067627	0.0003764255159667618	0.0001692544709890613	0.00041272659839248284
0.067687	-0.00020963283594345613	-0.00027579141607759713	0.0003464200211993849
0.067747	-0.00031769344999164466	-0.0001255850008948861	0.00034161487177428645
0.067807	5.955680157124063e-05	-2.2150089735333398e-05	6.354241960044842e-05
0.067867	0.00021264090994940944	0.0003291247742543316	0.0003918408779237786
0.067927	3.345477601908193e-05	0.0002330405330426234	0.0002354296329676385
0.067987	-0.0003063285821897113	-0.0002654224915919025	0.00040532246336616017
0.068047	0.0002783183685358086	-0.00018015516745776964	0.00033153732614318285
0.068107	-0.00039967732279703197	-0.000163046108748362	0.0004316549500888245
0.068167	6.508438806649062e-05	-0.00010813216909247937	0.00012620833396663668
0.068227	-5.987419192418274e-05	-0.0001179255309826873	0.00013225486651205926
0.068287	8.865813200171485e-06	0.00036230069097706997	0.00036240915182451266
0.068347	0.00017973511004054757	-0.00021537409460574368	0.000280518645384815
0.068407	0.0003461088728199412	9.601914874868784e-05	0.0003591810529121948
0.068467	-0.00011729405741880904	-0.00029274599112963644	0.00031536980075498676
0.068527	7.069347062703814e-05	9.504287897966775e-05	0.00011845132179101959
0.068587	0.00041115835868961404	-0.0004139603973208034	0.0005834504318880351
0.068647	-0.00020688012758310621	0.0003658499787335188	0.00042029227226790457
0.068707	9.52190308559605e-05	1.921607044527891e-05	9.71386699543816e-05
0.068767	1.6281876527382823e-05	7.037743698576282e-05	7.223630070773251e-05
0.068827	0.00018376034514057822	0.0001748011884183481	0.0002536204248846123
0.068887	-0.00012299894563242662	3.677587903748092e-05	0.00012837914903000435
0.068947	0.00021332901797892947	-0.00011139828855209489	0.00024066335118623733
0.069007	-0.00018656208291968534	1.2310106629961461e-05	0.00018696777665836583
0.069067	-0.0002049369957320218	0.00027501859423609916	0.0003429787156592474
0.069127	0.00016244490781030117	-5.920284012697258e-05	0.00017289686044748504
0.069187	0.00022313848210316086	-0.00010987640217795488	0.0002487239553217067
0.069247	-4.931235854046306e-06	0.0003012263723563999	0.0003012667331287089
0.069307	-0.00017451678080303024	-0.00011961663251899462	0.00021157562609392676
0.069367	0.0001770481380092617	0.00012112569640897937	0.00021451684666502725
0.069427	-6.578242577506634e-05	7.232211689946026e-05	9.776408406808356e-05
0.069487	-5.449256018350618e-05	0.0002675638436941155	0.00027305649519416696
0.069547	0.0002763013738889599	0.0003509466754592812	0.00044666096564267724
0.069607	-0.00014152261700445175	2.8669071330557363e-05	0.00014439725334903472
0.069667	-1.763665647413211e-05	0.0002565001500284112	0.0002571057732066396
0.069727	-0.00028394797353251155	-0.0002583118032909326	0.000383863829231973
0.069787	0.00011235825831085302	0.0001755311347553436	0.000208411989768216
0.069847	-0.0001160227393937609	-2.6868540828165937e-05	0.0001190932178701515
0.069907	2.1770048452756845e-05	0.00013039771627035423	0.00013220249399371854
0.069967	-4.016342435684345e-05	-0.0003663999759298443	0.0003685946866375835
0.070027	0.00010103660527588013	0.00019720699178366933	0.00022158292626923726
0.070087	-0.00030408604950520567	4.278638882228408e-05	0.00030708142335890995
0.070147	-0.0002563404931233454	-0.00010103447711646803	0.0002755329635105716
0.070207	7.083582810308056e-05	3.5991057780938564e-05	7.945483486383968e-05
0.070267	0.00013538445741797752	0.0003255340072486665	0.0003525639533272439
0.070327	-0.00015701188789612916	-0.0001685164578782238	0.0002303270056170787
0.070387	0.0001791831108888095	0.00016512194578244702	0.000243663382983108
0.070447	-7.59220791119772e-05	-4.1076774502895694e-05	8.632185992115246e-05
0.070507	5.8517144395486544e-05	-0.0001558302146481825	0.00016645513505296513
0.070567	9.396045405441722e-05	5.599922075539307e-05	0.0001093822638791294
0.070627	-8.249387484734714e-05	-8.482577134156401e-05	0.00011832434606208933
0.070687	5.309022975784843e-05	-0.00027102075150567276	0.00027617172238019003
0.070747	-0.00019998037947740316	-2.7654393356928752e-05	0.00020188342588698538
0.070807	0.0004504220522897095	0.00017091409162991984	0.0004817589147141487
0.070867	0.0002623320961222925	-0.00018109836370536837	0.00031877067931771516
0.070927	-9.522913464314809e-05	-6.755117219077339e-05	0.00011675508104245546
0.070987	0.00026074680445674174	-0.00024400232223829537	0.00035710786786639584
0.071047	9.297259152348317e-05	-0.0005265018052057699	0.0005346475976374783
0.071107	0.0006476291872667496	-0.00017130985064456056	0.0006699034476158876
0.071167	-0.00032135199064116566	-9.462924883028609e-05	0.00033499521880651375
0.071227	-4.039035817511711e-05	0.00026366033080737887	0.0002667361075575834
0.071287	-0.0002195746603356239	0.00010483537941534965	0.00024331766939263768
0.071347	0.00022096282146416644	-4.9687772973422676e-05	0.0002264805582218118
0.071407	2.0696858969471458e-05	-9.736654304886848e-05	9.954196942239665e-05
0.071467	0.00027662528314838014	-0.00010158049063034488	0.0002946865170882833
0.071527	-0.00014853037062920538	8.4930985797419e-05	0.0001710980518526453
0.071587	-0.0003198577469028234	-0.0003628033764100369	0.000483668551994311
0.071647	2.451609106779875e-05	0.0003963710788125389	0.0003971285318889346
0.071707	0.0002251817014708305	0.00020014295802133828	0.0003012706463013438
0.071767	-0.00010255651992038716	-0.00016026775676340288	0.00019027241953618513
0.071827	0.0003931826800424142	-0.0003849250672152494	0.0005502362467667863
0.071887	-9.04517520671996e-06	-1.7688492822701075e-05	1.9867007143981426e-05
0.071947	-0.00023455046812325927	6.83859272926923e-05	0.0002443165101840673
0.072007	5.8192677546396593e-05	-0.0002597844490936788	0.0002662223651591374
0.072067	0.0001587571507869629	-0.00027579343173537253	0.0003182229562969461
0.072127	-0.00015397345114592475	-3.7802937573438972e-06	0.00015401985027482104
0.072187	-0.00013763874189380668	0.00010983695719193065	0.00017609253372954784
0.072247	-0.00010330081928147379	-0.00019666068343772734	0.00022214068441962114
0.072307	-0.00021473002265802454	2.2787088361827218e-05	0.00021593571734830128
0.072367	-8.383687051126164e-05	0.0002544149175017936	0.0002678723037280385
0.072427	0.00012299499533043897	-0.00024642155173059283	0.0002754112380307818
0.072487	0.0004366913496026807	-0.0003124467772213938	0.0005369565377326605
0.072547	0.0001284298492289203	-5.280358735219011e-05	0.00013886124372993199
0.072607	-0.00023643868807170983	0.00023880974483734277	0.000336055571961466
0.072667	-4.417213947779999e-06	-0.00027097310963773485	0.00027100911041107883
0.072727	0.00036629011878830007	-0.00015880519155853155	0.00039923369094790694
0.072787	-0.0002968334158628938	9.67374422462025e-05	0.00031219899023727
0.072847	-8.64688484523523e-05	-0.00016808808709214228	0.00018902504271913674
0.072907	0.0003443468118588039	-0.00024055601956274054	0.00042004990820757493
0.072967	0.00019513614416073196	8.023338818642313e-05	0.000210986993290561
0.073027	0.00048772132515357116	-0.00022458060037136392	0.000536943700095939
0.073087	1.0866353880052067e-06	0.00019267959942494823	0.00019268266349369622
0.073147	-0.0003214939403602325	-0.0002733473484442025	0.0004219918560704993
0.073207	4.2930290962989864e-06	3.618661197746153e-05	3.644037575587046e-05
0.073267	7.879583315290556e-05	-0.0002700565083474157	0.0002813170827074999
0.073327	0.00016596173029918973	-0.00016398503806801755	0.00023331178417317492
0.073387	5.1870945133491276e-05	-0.00029763063611510873	0.00030211684908876886
0.073447	7.006207400472137e-05	-0.00021224953751573702	0.0002235141167566096
0.073507	-4.071260074535129e-05	-0.00039573110085894367	0.00039781983365146816
0.073567	0.00011247574397011385	-3.854062555128094e-05	0.00011889563826951202
0.073627	-6.115705912476984e-05	-5.1170245276299555e-05	7.974070405023554e-05
0.073687	0.0001176900517323039	-0.0001533802865899232	0.0001933299267862049
0.073747	6.849514813187035e-05	-0.00014358041924305697	0.00015908149517658823
0.073807	0.0002278734137667187	-0.00025311773561380855	0.000340580211967695
0.073867	6.901137459192788e-05	-2.5836016618186714e-05	7.368900581336817e-05
0.073927	-8.23391731688044e-05	6.848018954516634e-05	0.00010709470480964159
0.073987	0.00021724545835820295	-0.00035704667810337626	0.0004179448761761791
0.074047	8.394641181801271e-05	0.0002218036416468099	0.00023715787042581117
0.074107	-0.00037773501063696714	-9.732015384127305e-05	0.00039007044313123587
0.074167	0.00019387471403227484	0.00016590065579631067	0.0002551674593962606
0.074227	0.00033358542609314933	0.0004555292773132601	0.0005646115115646236
0.074287	-0.00017517024636745377	-1.7652853871478677e-06	0.00017517914100980325
0.074347	0.0002423520863613912	-0.00030391303377805636	0.0003887128321317695
0.074407	-0.00010009548391382505	0.00016659171833679576	0.00019434995888435147
0.074467	5.2766052444597665e-05	-0.0003096026401884131	0.0003140669532157467
0.074527	0.0005948684405014243	0.00018734084178156522	0.0006236706282197536
0.074587	-0.00016447807586139713	2.725542828654605e-05	0.0001667210119035707
0.074647	0.0002925012452500569	2.1948881726870757e-05	0.0002933235958491817
0.074707	8.279410855127671e-05	-0.000605485447241122	0.0006111198665004943
0.074767	-0.00015184543926289083	-2.905167244889308e-05	0.00015459960251248397
0.074827	0.00015188541222366556	0.00023624527775427466	0.0002808576324537882
0.074887	-0.0006892448569696219	0.00010943113314372933	0.0006978779590732145
0.074947	0.00022184984898553734	-0.00013985600958772715	0.0002622538062883133
0.075007	-1.63522717251371e-05	8.875495269961471e-05	9.024875854704907e-05
0.075067	5.603956455549046e-05	0.00013131019851307828	0.000142768347434272
0.075127	-6.284593594963729e-05	1.734451371328513e-05	6.519542791742568e-05
0.075187	-0.00035069462859746913	0.00043788966132126257	0.0005610116558674756
0.075247	4.335991201654088e-05	0.0002862150053445085	0.00028948076145823436
0.075307	-0.0002991749424531849	0.00018743212490748119	0.00035303887553525906
0.075367	0.00023050608764616233	0.00013153923255894488	0.00026539711027842117
0.075427	-3.222816614091792e-05	0.00024296549923240898	0.0002450936321287445
0.075487	1.5996835393995164e-06	0.0003533785681899249	0.0003533821889164586
0.075547	2.0951073639917538e-05	0.0002945777786457598	0.00029532188398175897
0.075607	5.979853246660394e-05	3.996859761775787e-05	7.19260264486349e-05
0.075667	5.699917030083909e-06	-0.0004309384877904787	0.0004309761818398952
0.075727	1.5081930995574158e-05	5.2271908171465224e-05	5.440420044850722e-05
0.075787	5.678251696700397e-05	9.341964752035135e-05	0.0001093228465414928
0.075847	0.00031085374912702234	-3.324880950569638e-06	0.0003108715300243192
0.075907	-0.0001625972069476096	0.00022880065803866602	0.0002806912767189076
0.075967	-0.000367026270958804	9.847999815007871e-05	0.0003800086757030225
0.076027	-5.638163247245473e-05	0.00011498367367020001	0.00012806300672307366
0.076087	-5.6477551146015594e-05	0.0002352334908669155	0.00024191839328353276
0.076147	-0.0002486261496226051	-0.0003711700943431019	0.00044674623804888294
0.076207	0.0001102968757370309	-1.846348271932544e-05	0.00011183157421532106
0.076267	-6.88130711055165e-05	-0.00026083627339816616	0.0002697606351475614
0.076327	4.0684802538892064e-05	-0.0002354754391649391	0.0002389642977675736
0.076387	-0.00017038420772463663	0.0001930534313428749	0.0002574886513911055
0.076447	6.737225910751065e-05	-0.00030439801703721874	0.0003117646132476238
0.076507	4.1176889182585716e-05	7.075975015164603e-05	8.186866582691033e-05
0.076567	0.0003118617674312143	6.26259458447421e-05	0.0003180876782874014
0.076627	-0.00011474199442751843	-0.00034631099899048653	0.0003648246610455404
0.076687	0.0002142839789943332	-0.0003586011383063451	0.0004177468133310538
0.076747	0.0001064892386199778	-0.0001245047212962533	0.00016383340186579867
0.076807	6.711776329969973e-05	-0.0003380508542398968	0.00034464934963333166
0.076867	-6.510658459382822e-05	0.0002289181922217432	0.00023799665142086409
0.076927	-6.357034839312047e-05	0.0003172066263429605	0.0003235138837680777
0.076987	0.00036868139543497897	6.275143122154694e-05	0.0003739835737839777
0.077047	-0.00016659044586721732	-0.00015221671656165942	0.00022565971163468864
0.077107	-0.00018354344845183284	0.0001410017425791821	0.00023145126674951804
0.077167	6.0685797525835546e-05	-0.00017836596651554196	0.00018840696386378646
0.077227	9.462348257651559e-05	0.0005464064494041798	0.0005545390981755846
0.077287	-0.00036423325957267335	1.4722978014721996e-05	0.0003645307030423589
0.077347	0.00011680470669304406	4.8228394287679884e-05	0.00012636976505959
0.077407	0.0003145988657291451	5.6849522405983575e-05	0.0003196940952158064
0.077467	-0.00016934309958503745	0.00011880457232211748	0.00020686133467061733
0.077527	-0.0003303149684238222	0.00022644581382285603	0.0004004818160200613
0.077587	8.194167716318159e-05	-0.00013607055824105174	0.00015883839358400264
0.077647	0.0001807382865157623	-4.306336472300282e-05	0.00018579768995851415
0.077707	-0.00017854267368728306	5.535226703527282e-05	0.00018692608109450052
0.077767	-0.0002255136096046327	2.275864858707496e-05	0.00022665909247683106
0.077827	-7.785701956684223e-05	0.0003574832629436104	0.0003658633608065204
0.077887	-0.0002909990497261979	-0.00010440554718907336	0.000309161713712096
0.077947	-3.42702691685316e-05	0.0004646736036778705	0.0004659356278541729
0.078007	0.0003454646519726422	0.00017181213322950355	0.0003858305779580611
0.078067	4.439734291503601e-05	-3.266350887497483e-05	5.511831700932874e-05
0.078127	8.35736631367619e-05	4.970873022500241e-06	8.372136375324268e-05
0.078187	6.810777576787269e-05	2.6694117434059593e-05	7.315220451654338e-05
0.078247	-7.96954167777873e-05	1.600671400463252e-05	8.128698757249724e-05
0.078307	-7.823427384890567e-05	8.235298765819904e-05	0.000113589683426344
0.078367	-9.33449956234494e-05	3.176871857635079e-05	9.860293955012276e-05
0.078427	0.00024649295816432404	-8.956001742482926e-05	0.00026225898487131934
0.078487	-3.808607017828324e-05	0.00015920115943218247	0.0001636934876718567
0.078547	0.00011743615745558682	-7.378570042122074e-05	0.00013869239584268314
0.078607	0.00028314753007036995	2.2811438712908506e-05	0.00028406493187492157
0.078667	0.0001413888992168216	6.742001321051317e-05	0.00015664060457956075
0.078727	-0.00010789048194666774	0.0002567774517415072	0.000278522917939523
0.078787	-0.00012412800551712798	-3.391693867990807e-05	0.00012867836058590737
0.078847	5.746975104168993e-05	0.00025658635012697467	0.00026294358207850645
0.078907	0.0001357641350635399	-0.0001344851591431908	0.0001910972485393771
0.078967	0.00011067454452823585	-0.0002633503462313342	0.00028566109232217127
0.079027	5.4926485284105634e-05	0.00029164438854112405	0.0002967715757163937
0.079087	9.137237181231116e-05	4.7093571503415384e-05	0.00010279452712841541
0.079147	-0.0001964638075933594	-0.00016954931654790647	0.00025950914904092055
0.079207	-0.00018369475838604616	-0.00018105932431383088	0.00025792681748800156
0.079267	0.00040929025263995033	3.778422161923288e-05	0.00041103060507636857
0.079327	0.00018766328059338216	-4.191420543142775e-05	0.0001922870445454358
0.079387	0.00015101349115681265	-0.00015214240807440328	0.00021436507842007986
0.079447	-0.0001114921246422977	3.7409638449323744e-05	0.00011760091371312881
0.079507	-0.0002500694094877249	4.814873497943718e-05	0.00025466254188957494
0.079567	-0.00010387570776591287	0.0001280850435031439	0.00016491191901458062
0.079627	0.0001066862107794521	2.191417054914579e-05	0.00010891362835446594
0.079687	1.4799047536671436e-05	-0.00010242975334115507	0.0001034933146513461
0.079747	-0.0002856208148452879	-0.0002178252652404115	0.00035920341876148935
0.079807	-8.717413946336179e-05	-9.61109108510208e-05	0.0001297560702849409
0.079867	0.00015835326099232288	-0.00026132898861877746	0.0003055627522447981
0.079927	0.00016025099274111972	6.965261380547798e-05	0.0001747337039167014
0.079987	-4.833021165172744e-05	-1.3279045223636664e-05	5.012127692260203e-05
0.080047	-0.000128096995430262	-0.00012017103345593961	0.000175641445906509
0.080107	-8.731216631263893e-05	-6.49335758829047e-05	0.00010881076997773183
0.080167	-0.00037321823298436165	-0.00013264117432177223	0.0003960877813786081
0.080227	0.0001581608547872719	-0.00042821355342627886	0.00045648844818352313
0.080287	-8.109365826686988e-05	-0.00021192742978590624	0.00022691279581981287
0.080347	0.0004994621485502724	8.85584052749614e-05	0.0005072524312206879
0.080407	0.00010429851700003307	-0.0001275959909019083	0.00016479962846634714
0.080467	-1.8863528564808294e-05	-5.347153061995351e-05	5.670129889831418e-05
0.080527	0.00030501635350251857	0.00010062269639282066	0.00032118515366270456
0.080587	4.3865090990029775e-05	0.00021195611514827561	0.00021644754781773959
0.080647	-4.737161894927651e-05	0.0003187590022561229	0.0003222597893023491
0.080707	-0.0002253122336359889	-0.00019071793521047164	0.0002951930443573901
0.080767	0.0003781672901646985	0.00011943714930307366	0.00039658004486377773
0.080827	0.00012495302572150977	-8.305117127752369e-05	0.0001500358480081639
0.080887	0.00023554752372366948	0.000235213066980282	0.00033287809001288033
0.080947	0.0004128215018585733	0.00036437715483364963	0.0005506290070105583
0.081007	0.0001347310677885796	0.0003185630809895011	0.00034588277956118925
0.081067	8.736617802912565e-05	-4.7247574652818023e-05	9.932362445053287e-05
0.081127	-5.86507425865297e-05	5.537914344007905e-05	8.066448496152578e-05
0.081187	-0.00044511019360699304	0.00022708306889952912	0.0004996897083527768
0.081247	-0.00023815714618138125	1.2376026307776614e-05	0.00023847849442754912
0.081307	-0.00031828262995483686	-0.00030566150022466175	0.0004412853784690339
0.081367	0.0001626425070153062	3.562258420236637e-05	0.0001664979086759909
0.081427	-0.000271024349427236	-0.00021816429815448357	0.00034792220247017135
0.081487	-0.0002321961259576717	0.00045786431061384356	0.0005133758543636827
0.081547	-0.00015752350619940153	-2.8763432701633525e-05	0.00016012804272248597
0.081607	-0.000301334084705227	0.0002857318004365451	0.00041526484607518435
0.081667	-0.000322959223353628	-0.0002444343421709185	0.00040503185995882873
0.081727	-0.00018352258933158053	0.0001668601995085746	0.0002480380353393594
0.081787	8.383755191678562e-05	6.772693586352393e-05	0.00010777603143956271
0.081847	-0.00014424834669469986	0.00011189172021415724	0.0001825577787349462
0.081907	7.79606270708145e-05	-0.0001702832842949479	0.00018728122245315643
0.081967	0.00026147542158484375	0.00041139507517824704	0.00048745800226674633
0.082027	0.00026630543192255853	-0.00043262249204928946	0.0005080165388040019
0.082087	-0.00010984740508262607	6.864017794118438e-05	0.00012952963533950057
0.082147	-8.290428164377885e-06	0.00016075741837216732	0.0001609710494493738
0.082207	-0.00024378108680609044	-0.00015920834663537563	0.00029116407045294676
0.082267	7.670404334858547e-05	-3.115002812640396e-05	8.278788871747749e-05
0.082327	-0.0005065244268027935	0.00014989577174784506	0.000528238333837843
0.082387	-0.00016489781835966232	0.00035156770224814056	0.0003883183484768823
0.082447	-5.554867993129642e-05	-6.65038290043198e-05	8.665111144322052e-05
0.082507	0.00018791343296058156	-1.769604584386507e-05	0.00018874482330792321
0.082567	3.644390620661381e-05	-0.0002210632492119456	0.00022404713444215088
0.082627	-3.1086037458671256e-05	5.908673328332265e-05	6.676513891977175e-05
0.082687	-0.0004018965503270048	-0.0001314829602835349	0.0004228576663721119
0.082747	0.0001509019272298248	-0.00014650794173218942	0.00021032348568877883
0.082807	9.679494832827246e-05	-0.00020807633345929747	0.00022948861097609548
0.082867	0.0002054951884525305	-0.00018531750501594855	0.0002767143836927837
0.082927	0.00010356189575095432	0.0003066925379612164	0.00032370569827024006
0.082987	9.90188749422386e-05	-0.00010573354419717365	0.00014485965609279335
0.083047	0.0002907457393271823	0.0003067875163962229	0.0004226720539064211
0.083107	0.0001255944260140165	-0.00022998191509763976	0.0002620412965884733
0.083167	-0.00034164437683596954	-1.8828173110416928e-05	0.000342162797987031
0.083227	0.00037228442292489884	0.00020807936111647004	0.00042648881822993117
0.083287	-1.8632454682615594e-05	0.000361837739370187	0.00036231715112595357
0.083347	0.00022819058240043278	-0.00011084124147287032	0.00025368626826751154
0.083407	-0.0003074667676014041	-0.00035876359681356364	0.000472490350777517
0.083467	1.9389645943810796e-05	0.00019464495356767608	0.00019560832374719924
0.083527	-0.00022697726254722718	-3.5287212972196305e-05	0.00022970386394829766
0.083587	-0.00029952033152452686	-0.00023588055314503552	0.0003812506581614914
0.083647	-1.5229432647758236e-05	0.00028472163598855087	0.00028512864748875987
0.083707	-0.0005924041680628706	0.00047727605263790565	0.0007607464286869067
0.083767	0.00014633668302990618	-2.355118641120248e-05	0.00014821971252694576
0.083827	-0.00019156146453179194	2.5881175353997244e-05	0.000193301913935867
0.083887	-2.3335126427892812e-05	-0.00021099338318933782	0.0002122798527300424
0.083947	-4.279241581607647e-05	2.8853840177675902e-05	5.161138386417144e-05
0.084007	-5.00104724570457e-05	9.949940357521084e-05	0.00011136057950280074
0.084067	0.0004700849094592684	-0.0002575007715015239	0.000535991109464708
0.084127	0.00030499891367783923	0.00018929652059434564	0.00035896728270663823
0.084187	-0.00037220073825617537	0.00025731529234569706	0.0004524870707914133
0.084247	-9.905704606743098e-05	-0.00043551618134957115	0.0004466392756945113
0.084307	-0.00020981395242778122	6.452402508921558e-05	0.00021951137657780055
0.084367	8.011378458754096e-05	-0.00017953075334675093	0.00019659478598933093
0.084427	-0.00017262175134505605	9.972835301950153e-05	0.0001993590064015586
0.084487	0.0003230252462201206	-7.865070863639e-05	0.00033246239436149144
0.084547	0.00026137125067274503	-0.00011810143844401892	0.0002868150631343851
0.084607	0.0005897450268215617	0.0003237138274353431	0.0006727479756443743
0.084667	0.00017841754721943765	0.00033156417088384376	0.000376520411889835
0.084727	-0.00013847947034212397	-0.0002872408356729539	0.00031887907015721825
0.084787	-0.00014523705407861316	0.000284656322686409	0.00031956693183554365
0.084847	-7.353212049411966e-05	-0.00018417219001041734	0.00019830877014795638
0.084907	0.00029019298943696833	-0.00011406053519293363	0.0003118040679767711
0.084967	9.94722762871565e-05	-0.00042266469929097555	0.0004342121391399361
0.085027	5.8114023699111026e-05	-0.00017681126391583417	0.00018611679880659778
0.085087	-7.202364777555627e-05	-0.0001563591848293558	0.0001721499361585651
0.085147	-0.00011111837118318234	-0.00010788961206517769	0.0001548788584861666
0.085207	7.601428828613325e-05	8.304396778516124e-06	7.646656151222182e-05
0.085267	0.0005335413861018482	4.9067575384057263e-05	0.000535792905549851
0.085327	-0.00014488946661427908	-0.00016526079793052252	0.0002197819120592122
0.085387	-0.00014565023339610546	-2.054724479555784e-05	0.00014709241910115074
0.085447	-0.000132892767012534	-0.00017544398023396218	0.0002200933386647187
0.085507	0.00012367427797673627	0.00014831686170612552	0.00019311452172071625
0.085567	-0.0006895673983607597	-8.863759973643076e-05	0.0006952408366667355
0.085627	0.00011910944106945094	-9.152407222228206e-05	0.00015021223235151825
0.085687	0.00017391001588480274	0.00020904629980497382	0.0002719283896308058
0.085747	-0.0001679876698759275	3.713697778165902e-05	0.00017204363501478057
0.085807	8.413616167603986e-05	-0.00024421596829483005	0.0002583027930003045
0.085867	-0.00017239570822641278	0.0002235310584002501	0.00028228782170760126
0.085927	-3.96301012797053e-05	-0.0002982167525442462	0.00030083845569586987
0.085987	-2.488455741541122e-05	5.6127240252382184e-05	6.139632151936733e-05
0.086047	-0.0002218708028039863	-1.0317900667279313e-05	0.00022211058554482544
0.086107	-0.00013333007467683093	0.0003948975497546863	0.0004167984928182733
0.086167	0.0002989564114181676	3.395173748171552e-05	0.0003008781421207862
0.086227	-0.0006800145874270112	-0.00021418997473333936	0.0007129496366432883
0.086287	8.679877054239814e-05	-0.00012014737042688707	0.0001482208392506516
0.086347	-7.173285177642611e-05	1.1545543692888195e-06	7.174214256467646e-05
0.086407	-6.673057452280508e-05	-0.0003937168246986054	0.0003993318264637769
0.086467	0.00034406188693514837	-0.00015010307163812844	0.0003753791605251628
0.086527	0.00047429626327188674	1.2470405368903965e-06	0.0004742979026558894
0.086587	2.3339919166485697e-05	-8.090492644304273e-05	8.420426918780449e-05
0.086647	-0.00013097831520900835	-0.00021458040729726416	0.0002513962415209307
0.086707	0.00012107274916941862	4.66280893998013e-05	0.00012974123982958087
0.086767	-0.00024232120583455503	-8.582599470562975e-05	0.0002570713289426177
0.086827	-0.00032250725467360944	0.0004887805577160163	0.0005855914641781319
0.086887	-3.130869138183921e-05	-0.00011497251616053408	0.00011915919447666439
0.086947	1.929638063980723e-05	-0.0005290412769276549	0.0005293930704108621
0.087007	0.00039256802483232276	0.0003233175028537779	0.0005085704098474014
0.087067	7.93694496993073e-05	0.00014074326388158892	0.0001615802459263305
0.087127	0.00015293233863524603	-0.0001999432441884003	0.0002517252492242839
0.087187	1.4146043759722977e-05	-0.00020033448906698828	0.0002008333091491131
0.087247	-1.7505290174398008e-05	-0.00034495884152379913	0.00034540271789540314
0.087307	-0.0003377078135023645	0.0001623811228353804	0.0003747188230578052
0.087367	0.00026477392423804834	-0.00010337153237770566	0.000284237408978007
0.087427	0.00019453108041052135	-0.00025856404130089627	0.0003235702469318468
0.087487	-0.00025509121952174246	-9.852135039744308e-05	0.00027345563947599535
0.087547	0.00022766947576630385	9.902061129135825e-05	0.0002482709641827209
0.087607	7.974928606357606e-05	-0.00016659853393799354	0.0001847025179523519
0.087667	8.987282932539962e-05	-0.00019974176648096856	0.00021902944717067197
0.087727	-0.0001079196618268534	5.005872523431806e-05	0.00011896440383958284
0.087787	-0.00042904231647212284	0.00047607213721876485	0.0006408759545807657
0.087847	-5.510891268795816e-05	-0.00018093903069904283	0.00018914524865287565
0.087907	-0.00028874840703447895	0.00023639832062299072	0.0003731753053972348
0.087967	-0.00039762571032016475	-5.280056103753999e-05	0.00040111607391563677
0.088027	-1.0550560469802715e-06	-0.00022798279869820246	0.00022798523997295827
0.088087	0.0001580709262678276	-1.8773133971422973e-05	0.00015918180891759582
0.088147	-2.595917930231788e-05	-0.00017800449163152948	0.00017988740375870995
0.088207	-0.00013331237872643296	2.9328631557101647e-05	0.00013650039908627416
0.088267	0.00014598593998954172	0.00025589309681982726	0.00029460680860202734
0.088327	-0.0005448733534361254	0.0001840232511227195	0.0005751100140307977
0.088387	-0.000171410644205872	4.324660988971826e-05	0.00017678200760831266
0.088447	-0.00014716441542471766	-0.00017601217705975704	0.00022942896861689925
0.088507	6.710477859007106e-05	0.0004768601116833804	0.00048155852959355677
0.088567	0.0002153519877911334	5.145441657412643e-05	0.00022141372051111966
0.088627	1.744825315242626e-05	-4.4957725528898634e-05	4.822487556026388e-05
0.088687	6.850005869521241e-05	-0.00037637872018903755	0.00038256136638764945
0.088747	-0.00016010865797334462	0.00038047605757815094	0.00041279148822164185
0.088807	-0.00021390471421025266	-8.724515208956732e-05	0.0002310128639805619
0.088867	-9.836855860133544e-05	0.00012758981599157097	0.00016110721419622184
0.088927	-0.00015242746161490283	0.00029694069725863455	0.0003337782328774702
0.088987	-0.0003433761001801709	-0.0003915418544065147	0.0005207803471013813
0.089047	-0.00010457368547709683	0.00016127631248928856	0.00019221265479776672
0.089107	0.0001681264986509582	-0.00024118373722481793	0.00029400019498354194
0.089167	0.00017602885866555395	5.0824751501704236e-05	0.00018321930697474967
0.089227	-0.00015089826150937048	-9.218381917555539e-05	0.0001768280007361443
0.089287	-0.00015634247280076527	0.0003259289541193662	0.0003614867244240125
0.089347	-0.00021874423603150661	0.0002509538144393871	0.00033290668028546045
0.089407	0.00015445508114674195	8.133612880820493e-05	0.00017456213203771186
0.089467	0.00022879649108753332	8.590986790055425e-05	0.00024439382098706666
0.089527	-0.00017813770061489865	-8.722047643313166e-05	0.00019834427617046512
0.089587	-4.874815581379337e-05	-0.0001760696260077368	0.00018269344787854374
0.089647	0.0003676346327609357	-8.339472563540668e-05	0.0003769746721851122
0.089707	0.00019605358355277356	8.905560438710856e-05	0.0002153320884044864
0.089767	-0.0003495224335168649	0.0003254272995077207	0.0004775655544492703
0.089827	0.0001827005046342811	-0.00025733674755564146	0.000315597332111881
0.089887	-0.0002196055683568234	5.163205653662924e-05	0.000225593605661874
0.089947	-0.00010479027139422596	0.00010251813666128785	0.00014659798540013442
0.090007	0.00017478668727079316	0.0001349742007711205	0.00022083573288963178
0.090067	-2.1943763945371423e-05	3.320836177284433e-05	3.98035685300488e-05
0.090127	0.00026635366454706293	-1.0107455441745051e-05	0.00026654537188470595
0.090187	-5.5199515524621416e-05	-0.0001997521591015706	0.0002072387791410963
0.090247	-0.00016122641500757585	0.00028482555520111723	0.0003272912369615474
0.090307	0.00015744436177279517	-0.00028909051171593263	0.0003291839167064858
0.090367	0.00025452889475622187	8.896443883719797e-05	0.0002696286884651583
0.090427	-6.500890046843735e-05	-8.135558340466427e-05	0.00010413879244176245
0.090487	-0.00012330022756398276	1.7366021976474944e-05	0.00012451716683500852
0.090547	-2.284224722339567e-06	-4.654637355402578e-05	4.6602388067705905e-05
0.090607	-5.176744215096643e-05	0.00037937189889873765	0.00038288758890944437
0.090667	0.00010015053054446195	-3.78866943546579e-05	0.00010707721689257931
0.090727	-0.00018256356736830095	-0.00014311862325991402	0.00023197499100992194
0.090787	-4.196035642385074e-05	-0.0002467860458994337	0.00025032783297486915
0.090847	5.341161468369619e-05	-1.2811952331870098e-05	5.492673944149372e-05
0.090907	-0.00012943868912132278	7.148639533211248e-05	0.0001478670989741312
0.090967	-0.00010110869526241617	0.0002008469672583727	0.00022486100710117346
0.091027	1.814163283269203e-05	-0.00013947582125864541	0.00014065071474261983
0.091087	5.711583135375638e-05	-7.517312816473744e-05	9.440983735449809e-05
0.091147	5.526037618436329e-05	-0.0003625626318606702	0.0003667497391925088
0.091207	8.201353111063007e-05	0.00017051190930895727	0.00018921028117261588
0.091267	0.00010842950557000394	-2.1967266430294427e-06	0.00010845175556946836
0.091327	-0.0002139504968250813	-0.0004114759625368673	0.00046377503472841284
0.091387	0.00010699813444951322	-6.730713752597714e-05	0.00012640748212671947
0.091447	-0.0006324608269611461	-0.00036593405169099285	0.000730694483233152
0.091507	0.00031907545662994636	-0.00013176395259227987	0.00034521136456720157
0.091567	0.00015860844324472992	0.00010505603254971045	0.00019024565236452196
0.091627	0.0002794926486272197	0.0002310746717760608	0.0003626453426876908
0.091687	0.00015244889340750988	-6.04542712227387e-05	0.00016399812197170663
0.091747	-0.00019904430881130333	-7.785330120890652e-05	0.00021372826995812746
0.091807	-0.00020794113899948752	0.000517210018243146	0.0005574457105938475
0.091867	-0.00010135875963763551	-2.0530639161730807e-05	0.00010341714219446003
0.091927	5.878584767188597e-06	-8.143029609691844e-05	8.164221261882135e-05
0.091987	0.00022057938315934962	0.00011669234759670083	0.00024954432123891024
0.092047	-6.257244309691633e-05	-0.0004114945303653938	0.00041622476999303253
0.092107	-4.340938219684945e-05	-0.00025884701377513493	0.00026246171340410214
0.092167	-6.726590198592076e-05	0.00014471460572007476	0.00015958389229084555
0.092227	-3.979349322961464e-05	0.00035065454296593875	0.00035290527143422886
0.092287	-2.6874631332176533e-05	-5.809363587619888e-05	6.400872080081578e-05
0.092347	-0.00016899161797641639	4.026006180034717e-05	0.00017372115450472585
0.092407	-0.00015975597069771067	-0.00031478080611925036	0.00035299989528986107
0.092467	-0.000319554108907885	-2.3587504560889776e-05	0.0003204234680720537
0.092527	8.101554961176655e-05	-0.0001568542865402672	0.0001765411750412715
0.092587	-0.0005693509545357754	-0.0001373500724303809	0.0005856838326498602
0.092647	0.000608240867978588	0.00010609163911123008	0.0006174239948112266
0.092707	2.5997924461719648e-05	0.000115295959704906	0.00011819073737223484
0.092767	-0.00025332328050494903	0.00010711654130605916	0.0002750393387629518
0.092827	-0.0002786936492677784	-1.676416189101484e-05	0.00027919739838705454
0.092887	-0.00016095872067474126	-0.0002545806352507492	0.000301195965454261
0.092947	0.00011116682486304627	0.0003457365526997681	0.000363169143544507
0.093007	-0.0002487210461983743	0.00011171567817412257	0.0002726583055252819
0.093067	-0.0003137788894474558	-0.00034412398022916395	0.000465702163653596
0.093127	7.088036563945133e-05	6.151743969657493e-05	9.385319184771526e-05
0.093187	2.1839373406975295e-05	-0.00020090423378601644	0.00020208777643379534
0.093247	0.0004286389858855661	-0.00018574790212208515	0.0004671548601521366
0.093307	-0.000119080293628777	-9.637936887691505e-05	0.0001531962763118876
0.093367	-0.00011718321828815688	-0.00023428032970228694	0.0002619526284154868
0.093427	9.209993120130956e-05	-0.00010799093482679535	0.00014193110769683692
0.093487	-0.00021603141937969112	0.00020565907198015628	0.0002982703941844431
0.093547	3.5082662034911023e-07	-3.564962405317743e-05	3.565135024722672e-05
0.093607	0.0005431704535190979	-7.685579740122043e-06	0.0005432248242782027
0.093667	-1.6482725817101932e-05	0.000151757096049677	0.00015264958713272908
0.093727	-2.2028979225957536e-05	0.00019430413490232625	0.0001955489012136838
0.093787	0.00022277260432184353	7.382198463957385e-05	0.00023468557401864763
0.093847	-0.00022478593996361218	0.00023175810129365775	0.00032286303027842316
0.093907	0.00048570333950727134	0.00012188707459286423	0.0005007636098613019
0.093967	-4.611136930203384e-05	0.0001135778241270869	0.00012258132203705438
0.094027	-0.00010787045860644406	-5.090506070816437e-05	0.00011927850202641909
0.094087	-0.00028814694208266934	-0.00011479320421899493	0.0003101711462506741
0.094147	1.0191617281480133e-05	3.977635837228567e-05	4.106126822411437e-05
0.094207	-0.0002889766992987627	-3.157330549371124e-05	0.0002906964161413187
0.094267	0.0001543566607747884	-5.079557435234012e-05	0.0001624997510746623
0.094327	4.966480857042206e-06	0.00030854625008619533	0.00030858621870452407
0.094387	-0.00010854972751685564	1.7307186008047176e-05	0.00010992079890312275
0.094447	0.0001480499590197533	2.17104428227652e-05	0.00014963333082342042
0.094507	-0.00017906730055454397	-0.0003291396910268126	0.00037469725691165266
0.094567	-3.38084757494506e-05	0.00020383288798278586	0.0002066176644333783
0.094627	8.971765141116635e-05	-1.9928464421679014e-05	9.190430168899434e-05
0.094687	-0.00030532079733734934	-0.00017320135847623212	0.00035102635209443607
0.094747	0.00022177332865681152	0.0001726564113328296	0.00028105808239197355
0.094807	4.10406257962072e-05	0.0002749549166590564	0.0002780009697118572
0.094867	-0.00020836986519690996	6.53131984068181e-05	0.00021836623962578742
0.094927	-0.00012030105164125975	-0.00022724516069201216	0.0002571239119256151
0.094987	1.7546649895685124e-05	-0.0001200773703608659	0.00012135262582796593
0.095047	-7.36058102739187e-05	-0.0002440232213749107	0.0002548826158769342
0.095107	2.742294134773493e-05	5.148567178587423e-05	5.8333456192857936e-05
0.095167	-0.00013405341126213334	-2.4348210270877958e-05	0.00013624666019543212
0.095227	-0.00011152969303771817	0.00024511342631091857	0.0002692943820189455
0.095287	-9.445265013530797e-05	-8.415468290675965e-06	9.48268064638595e-05
0.095347	-0.0001471399940735399	0.00011619707838154053	0.00018748850332851673
0.095407	-7.296656573961991e-05	0.00020004589930207572	0.00021293774100288209
0.095467	0.00030272163582976253	-9.677129618079788e-06	0.0003028762711687604
0.095527	-1.3441637669460565e-05	-0.00025811562281246084	0.0002584653794284674
0.095587	0.00021382972977644166	0.00024647227002424734	0.0003263000662383806
0.095647	-5.441531580797939e-06	-8.16802745603926e-05	8.186133103123806e-05
0.095707	-0.00024000912775309655	-4.3607149406480844e-05	0.00024393844486706348
0.095767	1.0744769575302827e-05	5.761839462960365e-05	5.861168375775509e-05
0.095827	-9.117893358993453e-05	-0.0002727583472646025	0.00028759470428558863
0.095887	0.00017131373284563582	-9.461550590841148e-05	0.00019570510729107336
0.095947	-0.0001456792976299863	-0.00041687242072365523	0.00044159378722754503
0.096007	-2.6823507749010924e-05	-0.000175233741015373	0.00017727482776244368
0.096067	-9.213971197713353e-05	0.00030721362801403983	0.0003207334403531661
0.096127	0.00019192728322431352	-0.00013794759631283445	0.0002363590941223853
0.096187	7.025343454444315e-05	-0.000588576401025756	0.0005927543546105097
0.096247	-0.00019975952090411572	0.0005033427729182239	0.0005415328367152343
0.096307	4.692553669088265e-05	0.0001294829789159976	0.0001377238099338239
0.096367	0.0001986218920074936	-0.0002771670337816356	0.0003409871267364016
0.096427	-0.00021297981654472232	-9.283723064243343e-05	0.00023233414223652098
0.096487	-9.951436007991536e-05	9.144173422326909e-05	0.00013514695194444465
0.096547	-0.00017615257335545107	-0.00037345659082130137	0.00041291591677678944
0.096607	0.00036188240198899174	0.00014807785953301883	0.00039100629835490204
0.096667	0.00011755041592625719	7.106530689831987e-05	0.00013736221507018752
0.096727	0.00013926080431871438	-0.00014275094391623172	0.00019942769017483602
0.096787	-0.0004542169899438781	-7.759336710934272e-05	0.0004607969233545752
0.096847	0.00017208674503229167	-0.00033439891835423995	0.0003760804227984948
0.096907	4.682200651661066e-05	-0.00018017329671159908	0.0001861577748636018
0.096967	4.603251217669844e-05	-0.0005262373710507408	0.0005282468768177366
0.097027	-3.134254121979795e-05	-8.268228317959072e-06	3.2414788131848614e-05
0.097087	1.6579293774490294e-05	6.761583003868906e-05	6.961877228077021e-05
0.097147	0.0004715042731846782	-0.00014431362020437025	0.0004930950218851361
0.097207	-0.0002681570001610569	-0.00019254047917532837	0.000330121209340512
0.097267	-8.139235976312409e-05	-0.00037909155153717283	0.0003877307321772041
0.097327	0.00013618829650415533	-0.00022765037819456565	0.0002652771132171649
0.097387	-2.6817820768409778e-05	0.00026419748303502076	0.00026555508948767416
0.097447	-1.7456210869655562e-05	-0.0001660340896060279	0.0001669492084714042
0.097507	1.2557418026396256e-05	-3.6402042177026027e-06	1.3074396132756628e-05
0.097567	-1.8130299585935802e-06	-0.00021097806764495858	0.00021098585759436928
0.097627	0.00018536704612160046	2.0349792651248882e-05	0.00018648071173393878
0.097687	3.4765504997341995e-05	0.0002617215250409885	0.00026402044808594087
0.097747	-0.00017700695891446685	7.150450764589641e-05	0.0001909040547443396
0.097807	-0.00042270123001057514	-6.311334060499513e-05	0.00042738697174197446
0.097867	5.580168023525104e-05	0.0001456789908337652	0.00015600062784303613
0.097927	-9.478114112982284e-06	0.00018074842513195796	0.00018099676194568157
0.097987	-0.00017026981251780767	-8.026089478581315e-05	0.00018823820092284335
0.098047	-0.0005814126753239584	6.98816447461418e-05	0.000585597253494062
0.098107	1.970239811447053e-05	0.00022411840555505762	0.00022498276422873458
0.098167	-0.0002134789607814029	5.948220201096849e-05	0.00022161091817052115
0.098227	0.0003477559329368835	-5.104513695633524e-05	0.0003514822824833326
0.098287	-0.0005333614969779022	1.9828037984069158e-05	0.0005337299294107522
0.098347	6.339673142581496e-05	0.00013009333858751115	0.0001447184241909845
0.098407	0.00029798093382699825	-3.741019159245792e-05	0.00030032009483115565
0.098467	0.0002713901706241665	1.574625049119828e-05	0.00027184659114277255
0.098527	0.00031054763922805676	0.00022120474069048162	0.00038127598079876803
0.098587	0.0001426780984481185	0.00011599363873505919	0.000183879210363136
0.098647	-0.00015318129891356356	9.209191824338569e-05	0.00017873285020553146
0.098707	-0.000155779425802971	-0.0002405136932852079	0.00028655552020715705
0.098767	1.0579190992323162e-05	-8.446478447119834e-05	8.512472671214892e-05
0.098827	-0.00021372994378732413	8.956517793091237e-05	0.0002317378043589969
0.098887	0.00015656627395776155	-4.8106565741040186e-05	0.0001637902311141109
0.098947	-0.00022608431804171784	-6.907416103322691e-05	0.00023640084303325312
0.099007	0.0001469640905266079	0.0003897546605041261	0.0004165418817946157
0.099067	-0.00023731529286900426	0.0004032939013970672	0.0004679364477507268
0.099127	-0.0004705511476613616	-0.0001298715587877014	0.0004881444502884079
0.099187	-0.00029942526589373604	-0.00030173402213183544	0.00042508694400956315
0.099247	8.557034984781551e-05	0.00018883475633913214	0.00020731823358001328
0.099307	-2.0722207576832966e-05	0.0001461270236951466	0.00014758901361842382
0.099367	-0.00016920074549185368	-8.402016383716456e-05	0.00018891341986799936
0.099427	-4.0190605748071453e-05	0.0002421191162388781	0.00024543217237903484
0.099487	4.576044501292738e-06	-9.337048685011272e-05	9.348255451101497e-05
0.099547	5.465110495712184e-05	-1.0268433415553647e-05	5.560740955883493e-05
0.099607	0.00021631140068197876	-0.0001034963706039257	0.00023979599828434313
0.099667	0.00010670735901136959	-0.00022636056965488847	0.00025025100991138264
0.099727	-0.00012919498027629653	0.0003356922257286367	0.0003596951672503241
0.099787	-0.0001587969364812103	2.385032494985758e-05	0.00016057803410190116
0.099847	0.00013589551578739362	0.00020522682106391524	0.00024614150258565095
0.099907	0.000101682064093847	-0.0002904987020325544	0.00030778034056934834
0.099967	0.00026117103662836043	0.00019900011333585276	0.0003283463955660464
0.100027	0.0002715363689180332	0.00027404264952326726	0.00038578669417558
0.100087	0.00021812480937119383	0.00016155139709216152	0.0002714356026125698
0.100147	0.0003122423536429304	0.00025115387331795197	0.00040071630300137114
0.100207	6.265000274424215e-05	-5.7231262233284046e-05	8.48554077279019e-05
0.100267	-9.549146741474828e-05	0.00028084293898629085	0.0002966334046048749
0.100327	0.00046336857180002803	-0.000323851794942092	0.0005653232866415574
0.100387	-4.298403355445939e-05	0.0005057161867394316	0.0005075396424624214
0.100447	8.677005790039947e-05	8.751915818558394e-05	0.00012324222489695623
0.100507	0.00032691788593812107	-0.00011191675028530292	0.00034554401042511675
0.100567	-0.00011820464460362095	0.00017803632044506424	0.00021370369534354323
0.100627	-0.0002516611235882153	-0.0001290523307600061	0.000282821189447101
0.100687	-9.190965017926583e-05	9.693443528170561e-05	0.0001335801951617761
0.100747	-0.00013154200490169446	0.0003955670318233466	0.0004168651769086618
0.100807	7.277472090337636e-05	-0.00031370326251223756	0.0003220339996233102
0.100867	0.00037389206455858267	0.00022965876495713525	0.00043879200569462985
0.100927	-0.0004629418924318091	-0.00022458015235801666	0.0005145400281819625
0.100987	0.0004874089125512541	9.859817196108699e-05	0.0004972816581661385
0.101047	0.00011742075320588069	-0.00012462882926465613	0.00017123077517582858
0.101107	0.00014885699197521762	0.00012593416565365585	0.0001949815841016593
0.101167	0.00024151264318321701	6.869129755307902e-05	0.00025109132039333724
0.101227	0.0001640708233756595	8.186443805306964e-07	0.00016407286570846696
0.101287	-4.762326272438736e-05	-0.00016760421237213145	0.0001742387647953192
0.101347	0.00023708452748873356	4.1268068937596054e-05	0.00024064938538960416
0.101407	-0.00018410910137451358	-0.00010962106067294086	0.00021427304578969215
0.101467	5.954101553754829e-05	8.088564933596184e-05	0.00010043714850463822
0.101527	-0.0004108174131674802	6.176168600185121e-05	0.00041543405351440727
0.101587	-0.00021125340592038455	7.860775863417256e-05	0.00022540448360769378
0.101647	-9.307815756029805e-05	-0.000297769265024347	0.0003119776892791526
0.101707	3.270655843073787e-05	-0.00027659535048819275	0.00027852236333204816
0.101767	0.00011962618360655419	0.00020738375887633114	0.0002394127132170413
0.101827	7.571169109261249e-05	-3.660401229666569e-05	8.40958612793616e-05
0.101887	-0.0001804764312144133	0.00022621331426585955	0.00028938591150060397
0.101947	-7.882835120464688e-06	0.00032874470776320303	0.00032883920382437707
0.102007	-1.2658311883998973e-05	0.0004467983890415445	0.0004469776653367279
0.102067	0.00010635128778122681	0.0002252658241649898	0.0002491089880944833
0.102127	-0.00018615823327137622	6.377470636029475e-05	0.0001967793205244442
0.102187	1.6782716530251978e-05	8.737587583117544e-05	8.897304789316696e-05
0.102247	-0.0003643918962709837	-0.0002033203587497329	0.00041727763221874645
0.102307	-6.167838527799073e-05	-0.00020509142954459037	0.0002141651644949382
0.102367	4.807252779249182e-05	0.0002486620908395309	0.0002532662696630703
0.102427	-9.441936293600497e-05	-0.00027642012880004337	0.0002921011874386573
0.102487	0.0002824949031976933	3.2354733044573456e-05	0.0002843416942396238
0.102547	-0.00022823156392590813	0.00017670828592174112	0.0002886441842224882
0.102607	0.0002730351276496195	-0.0001186102923184413	0.0002976853748078835
0.102667	5.2138834359497306e-05	0.00015612041268591654	0.00016459660174374192
0.102727	0.0001152982438278374	-0.00025263040598631157	0.00027769732994501774
0.102787	0.000344160886650233	-0.00042854659619303225	0.0005496352436011617
0.102847	-0.00011018408003252739	-0.0004373469206977211	0.0004510131489617494
0.102907	-0.0003574702397386785	-7.41299310062687e-05	0.0003650756345879884
0.102967	0.00016961933505939156	-5.392179119636263e-06	0.00016970502179266346
0.103027	0.0003164797851690156	1.2157470774772436e-05	0.0003167132117804146
0.103087	-0.00030382965208095383	6.88058443519057e-05	0.00031152319608756607
0.103147	-4.041527495431924e-05	-4.788202663445408e-05	6.265846251110694e-05
0.103207	2.552796018807358e-05	-0.00011368037470174727	0.000116511391476085
0.103267	-5.432532419464014e-05	0.00016981325345697142	0.00017829128385452378
0.103327	0.00028451039655323976	-0.00011887279006154446	0.00030834543285720604
0.103387	4.218905891599598e-05	0.00022552793952477216	0.0002294401189820705
0.103447	0.000236324237862116	4.2405259514001215e-06	0.0002363622801156193
0.103507	-9.57239549139258e-05	0.0002723256125851454	0.00028865951363888563
0.103567	0.00015168160349051985	0.0001283413974492967	0.00019869278581944946
0.103627	-0.00010090796827070682	4.910581791489083e-05	0.00011222209859743485
0.103687	-0.00030501048387029695	0.0001896519643424111	0.00035916467372185676
0.103747	-1.5803133302156264e-05	-0.0003625174942021792	0.00036286178170867313
0.103807	0.000226892644851577	-0.0001332851731147212	0.00026314484539881274
0.103867	0.0003650223294081398	-0.0001911591937771079	0.00041204749523818056
0.103927	-6.932260380468896e-05	-2.791976231087499e-05	7.473377098579752e-05
0.103987	-1.2537189660769571e-06	0.00035560109597035166	0.00035560330603997647
0.104047	0.00037997968186299653	-0.00011647079215905835	0.0003974292440861173
0.104107	3.194731103711238e-05	-1.2418297126603095e-06	3.197143762074593e-05
0.104167	-0.00015629818082528655	-0.00019604280191722555	0.0002507227582666769
0.104227	1.2759145657236887e-05	7.890588743873978e-05	7.993081302224855e-05
0.104287	-0.00030923096471456867	-0.0005637547292263697	0.0006429954776383737
0.104347	-0.00018856947207656136	4.5461242266534935e-06	0.00018862426419927322
0.104407	3.338641247274364e-05	-0.00023989630771747354	0.0002422083627670129
0.104467	0.000321579274245808	-0.0002730875020418176	0.0004218886267676581
0.104527	-0.00020981210405656632	-0.0002943578957477793	0.0003614798608466368
0.104587	-0.0004681158758786771	6.324406608759188e-05	0.0004723688020444965
0.104647	6.094489545562884e-05	-7.007793893393317e-05	9.287194305776958e-05
0.104707	0.00021478414280934124	-5.2150853936467145e-05	0.00022102474876955797
0.104767	3.190890622880568e-05	-0.0001893791041575193	0.00019204849228312952
0.104827	0.00021040278338248545	0.00020400890511763228	0.00029306819107912784
0.104887	0.00027733664805772927	0.00011036907983445979	0.00029849112237954775
0.104947	-3.855490631399003e-05	1.4709442852298097e-05	4.1265585054686574e-05
0.105007	-7.942296430970283e-05	0.0003124004379993356	0.0003223383950476844
0.105067	-5.0228601024784934e-05	-0.00021450581902030693	0.00022030809961161142
0.105127	0.0001777401172903217	6.461187303774313e-05	0.00018911965374286924
0.105187	0.00033427488073106996	-0.00020205021615278887	0.0003905944005425062
0.105247	0.00022935597010390057	-4.542866875585542e-05	0.00023381172974688537
0.105307	-0.00045363438796353355	0.00020188758176957215	0.0004965307176961113
0.105367	-0.000132150359072463	-0.0001720896455285601	0.00021697595143500666
0.105427	-0.0002052371837981454	0.00017443547683554885	0.0002693511410635548
0.105487	-0.00023097339774946426	0.0003690719335453192	0.00043538810571582307
0.105547	-0.00017666547879774402	5.970948741020213e-05	0.0001864830133969988
0.105607	-0.00010488247838666905	0.0001538115734578569	0.0001861674901858856
0.105667	-0.00019347707930226495	-2.3673392499960256e-05	0.00019492000853630213
0.105727	6.045684242984759e-05	-6.158756508975773e-05	8.630213189876925e-05
0.105787	9.898764112890313e-05	0.0003730639224345227	0.00038597311217038947
0.105847	-0.00019125307927862631	0.00015444039012088378	0.00024582427551860555
0.105907	-0.00047020771316915887	5.543105045672946e-05	0.0004734637207627491
0.105967	-1.5260813944523882e-06	0.0003209210829547525	0.00032092471143443225
0.106027	8.039583083071642e-05	7.340562671508794e-05	0.00010886632008291639
0.106087	6.151518536105837e-05	-0.0001248951671072033	0.0001392225585052279
0.106147	-0.0002824640975589088	0.00030744765214911333	0.00041750452119919726
0.106207	-0.0002498642925314411	0.00037472031138589606	0.0004503859194595014
0.106267	-0.00046815875483811756	0.0003680223148497374	0.0005954939495569505
0.106327	-0.00021166350259448974	0.0003492684672722244	0.0004083991926550008
0.106387	7.661178743840637e-05	-0.00024464968816947225	0.00025636465414703247
0.106447	-0.00029868842221711573	-0.0005839031371065676	0.0006558640461936003
0.106507	-6.990112153115879e-05	-5.405265043487842e-05	8.836207223887969e-05
0.106567	7.650834195727445e-05	2.765821365891471e-06	7.655831866544133e-05
0.106627	-0.0002273371316662037	-0.0001380154594724039	0.00026595194770408356
0.106687	-1.1391209134526537e-05	-5.933331168034929e-05	6.041689764051109e-05
0.106747	-0.00011112135338435473	-1.5804982418476417e-05	0.00011223971065188556
0.106807	-0.0002057062370105479	-0.00023120288859587718	0.0003094670122001977
0.106867	-0.0001651530002088841	8.353457452090068e-05	0.00018507711532867477
0.106927	0.00014024049999484406	3.005677521016674e-05	0.0001434252682578574
0.106987	0.0001328332876744239	1.1186169565831534e-05	0.00013330346096014083
0.107047	8.074872213881564e-05	6.055979242431902e-05	0.00010093485317534406
0.107107	-3.321615227146833e-05	7.066284788565468e-06	3.395946337082614e-05
0.107167	-0.00012886601069971747	-5.3396843444756395e-05	0.00013949075812943137
0.107227	-7.47717689465614e-05	-0.00040712995331487365	0.00041393914566946813
0.107287	0.00021989086523709018	0.000172742154000654	0.00027962804648944253
0.107347	-0.0005402793356211743	-1.4749054645179824e-05	0.0005404806149272922
0.107407	-0.0003102648098364452	0.00018056029692802217	0.0003589794883410207
0.107467	0.00014315231638083813	0.000335865213534889	0.00036510002375792335
0.107527	0.00016033358295674578	2.132477092361214e-05	0.000161745490443141
0.107587	-0.00039320447843826554	-1.1524227633488563e-06	0.00039320616722291363
0.107647	4.043556283303479e-05	-4.768743016815165e-05	6.252300166871905e-05
0.107707	6.00815737775411e-05	-9.569592405627086e-05	0.00011299338648155331
0.107767	-0.00014456817681316158	0.00042436607780661333	0.00044831520801780764
0.107827	3.403938879530688e-06	0.0001465039979620055	0.00014654353693952828
0.107887	3.0389579241290563e-05	0.00010327344310016444	0.00010765189536754836
0.107947	-0.00010989316619108055	-0.00038557425245937607	0.0004009289365150726
0.108007	-0.00013415559831882515	0.0001018763015097052	0.0001684532735496058
0.108067	-0.000285038957094964	-0.0001302631784248923	0.00031339384600712896
0.108127	-2.173991400147035e-05	-0.00020304585289669804	0.00020420637169133306
0.108187	-0.00026467169036586133	-0.00041919487480408926	0.0004957574474913497
0.108247	0.0003094086013367407	-0.00015477747683078995	0.00034596206427188497
0.108307	0.0002723940761904402	0.00017817765556766513	0.00032549317917159623
0.108367	-0.00012072998282050668	-0.00014707966585917993	0.0001902844104520595
0.108427	-8.05581750771474e-05	-7.827221003441718e-05	0.00011232167393442928
0.108487	4.9241047621832454e-05	9.358195760828794e-05	0.0001057462224417259
0.108547	0.00019585943640378452	4.9122159149351367e-05	0.00020192549454663302
0.108607	0.0003564713824837443	0.00019513619111535254	0.00040638649044090936
0.108667	0.0001467302316796918	-8.12936538633939e-05	0.00016774510141055483
0.108727	-0.00011967974846242252	-0.0003839675989351166	0.0004021869704801826
0.108787	9.004065322851941e-05	-0.0003636584444735413	0.0003746395380505563
0.108847	-0.00025686616811825864	-0.00017129409924522202	0.0003087424440532747
0.108907	-8.673556095705754e-05	-0.00010330716085038568	0.00013489042596679315
0.108967	0.00012391428877655625	-7.952367892129726e-05	0.00014723710969785216
0.109027	-0.0004391006400328012	0.00044222015636940983	0.0006231918153960311
0.109087	-0.0004706311782590785	-0.00012554277755391034	0.00048708797454410544
0.109147	9.036026550686512e-05	-0.00015323271600383936	0.000177891098249419
0.109207	-8.26556854933078e-05	-0.00021235091466734166	0.00022787029930297024
0.109267	9.918188761182307e-05	-0.00018662886997961503	0.00021134659197657378
0.109327	-3.915782447352312e-05	0.00011211677930437358	0.00011875818885064246
0.109387	-0.0002655192762898474	1.944530742512175e-06	0.00026552639658100456
0.109447	-7.48673989123898e-05	-0.00015491649817537195	0.00017205885279992695
0.109507	0.000248950374357331	-6.098396385595294e-05	0.00025631100784055184
0.109567	-0.0003745919319322262	0.000299347940622639	0.00047950839932553067
0.109627	-6.041028898181626e-05	7.902509414155188e-05	9.947044042803715e-05
0.109687	-0.00012268200771987353	0.0001062467973095563	0.00016229373665276503
0.109747	0.0001247338793097864	1.3454956746633623e-05	0.00012545746892362423
0.109807	-2.8574201202024938e-05	0.00017354852753903103	0.00017588512269461456
0.109867	-0.00041768264219665117	-0.0001599260946881653	0.0004472528874748421
0.109927	6.0962724699943234e-05	-0.00024554892253599703	0.00025300341333948467
0.109987	0.0001607308069633973	4.729014645896395e-06	0.00016080036034358253
0.110047	-4.22944057193625e-05	7.474446576670606e-05	8.588103351674534e-05
0.110107	1.9001461563327682e-05	1.1936154368577849e-05	2.2439414489980336e-05
0.110167	-5.627598801982337e-05	-7.612097376895444e-05	9.466461575024299e-05
0.110227	-0.000162237540200599	0.00013558840412360715	0.00021143612459352252
0.110287	0.0001244553197967068	0.00037021067165160656	0.00039057018323271196
0.110347	-0.00023191733519793158	0.0003256178150099835	0.00039976569614861353
0.110407	-0.00016290149221881482	0.00022331297517551573	0.00027641559480039667
0.110467	-0.00023681710196222757	-0.0002769916994611254	0.0003644265925425181
0.110527	0.00010629015104815253	0.00031158666262180913	0.0003292170173815992
0.110587	-0.00012545620598583145	-1.2192725556160462e-06	0.000125462130724471
0.110647	0.0002881215813570882	-7.556985532523338e-05	0.00029786716616234473
0.110707	0.00013570883334221886	-0.00024215934101645732	0.000277593288623178
0.110767	0.00038639952345720645	-0.0001430539765722961	0.00041203037744941
0.110827	-0.00015174000213401912	-0.00019219067711359015	0.0002448719759731856
0.110887	5.7791269298993305e-05	-6.863285868201205e-05	8.972346459011602e-05
0.110947	-0.00024315858014089145	0.00025006960476046356	0.0003487992292439718
0.111007	8.745023814779301e-05	-7.902192544493477e-05	0.00011786436634170034
0.111067	0.00019877282635499713	-0.00021281316015051303	0.0002912045288631373
0.111127	0.00018252712049172877	-0.0002878515255564139	0.00034084402661651106
0.111187	-3.94939133287223e-05	5.3936091619458636e-05	6.684961607368635e-05
0.111247	-9.79956404369175e-05	1.4931013989689246e-05	9.91265893865108e-05
0.111307	-1.582044678371085e-05	0.00027279342808564583	0.0002732517903750214
0.111367	0.00020913177794774966	-9.913239884280102e-05	0.00023143753595282476
0.111427	2.8570990989515213e-05	-0.000291641151399315	0.0002930373060134855
0.111487	7.300149638031294e-05	6.645061309830334e-05	9.871627249296464e-05
0.111547	-1.366359242634509e-05	0.00022434574506779222	0.0002247614448432295
0.111607	3.439169337457728e-05	-0.0003953935635812079	0.0003968864556704067
0.111667	3.254679137689274e-05	0.00023648652365925417	0.00023871566664416887
0.111727	-0.00019404423582037442	0.00018224275048984323	0.0002662059082011824
0.111787	-6.973468898085753e-05	0.00030021673211483264	0.00030820936567367015
0.111847	4.694320719641091e-05	0.00012523465103673526	0.00013374371956162285
0.111907	-0.00016328585156583596	-5.942269323989774e-05	0.00017376226803729054
0.111967	0.0002071457535363402	0.00024301298791092431	0.0003193190810169872
0.112027	-0.00033798797351440043	3.263745401066529e-05	0.0003395601178652601
0.112087	5.190915149338914e-05	0.00018711841531499784	0.00019418512136299126
0.112147	-0.00037089967363808623	0.00021351726708549736	0.00042796751190773643
0.112207	0.0003106271603409323	0.00018885466694894704	0.00036353172897268403
0.112267	-1.8358454691869127e-05	-2.21009407926634e-05	2.873124505819796e-05
0.112327	0.0002205455746352363	3.682642486990697e-05	0.00022359905201025672
0.112387	-0.00018593142701542716	0.0003520802205858559	0.00039815948724070116
0.112447	-0.000161736850407479	-9.887349889456203e-05	0.00018956470547911656
0.112507	4.383038951812196e-05	-0.00019541308113548957	0.000200268258404011
0.112567	0.00014009435853185663	9.403588538075755e-05	0.00016872811571221722
0.112627	0.00019393501095128925	0.0002092556482366453	0.00028530460001832306
0.112687	-0.0001889453844438469	-2.0560164771491495e-05	0.0001900607236597398
0.112747	1.740744127023226e-05	-0.00010779147752024017	0.00010918801050286165
0.112807	5.227302871054725e-05	-0.00026675623574384604	0.0002718296504040721
0.112867	-0.00028136622275192705	-0.00017005190268962303	0.0003287622254974681
0.112927	-0.00014217871002187232	-0.0002772663331785062	0.00031159493753547736
0.112987	-0.00018349965166880838	-0.00010749214688804583	0.00021266566202651343
0.113047	0.0001891699367329244	-0.00045774392639026624	0.0004952926075671997
0.113107	3.5323202583545778e-06	0.000180272672163441	0.0001803072755474805
0.113167	-3.224192586311785e-05	-0.00016629587739161718	0.00016939262268708918
0.113227	8.991127365397757e-05	0.00032076054089262194	0.0003331236432975117
0.113287	5.116615570022149e-05	0.0002766060433605254	0.00028129855796413917
0.113347	0.00018475878616385896	0.00028032955300074443	0.00033573868908771856
0.113407	-0.00012952128960194112	-3.599348757492455e-05	0.0001344295191092944
0.113467	-5.019328606040914e-05	0.00011425816760424728	0.00012479701450684758
0.113527	1.2236184824873555e-05	5.585057402934842e-05	5.7175264218682836e-05
0.113587	0.0003722856799512875	2.9922947348196135e-05	0.0003734862919503143
0.113647	-0.00011232492135729726	-7.553016616972329e-05	0.00013535765201697696
0.113707	0.00016096645018865276	0.0001541011829509918	0.00022283934274097803
0.113767	0.00015449364799369184	0.00019385802792130637	0.00024788953640671635
0.113827	-0.00010899655900327364	0.00018029359967613805	0.00021067992775471907
0.113887	-0.0002569484941155766	3.896054041197032e-05	0.00025988546003471465
0.113947	-0.0002828563925038992	0.00035472150450451315	0.00045369051625338745
0.114007	5.7604836312137556e-05	-0.00011711147833507661	0.0001305121278823362
0.114067	0.00021079586505476727	-0.0001840034883454309	0.0002798073988433379
0.114127	-0.00013191825935265369	9.741526542281337e-05	0.00016398829558243229
0.114187	-2.45874081256894e-05	-0.00010456957762820316	0.00010742130702835459
0.114247	-3.7649976095799055e-05	8.748462502359248e-05	9.524221918630846e-05
0.114307	0.00019552705847291927	9.712359241356711e-05	0.00021832045895515403
0.114367	-0.00022000592976725874	0.00021550461862733001	0.00030796891041542967
0.114427	-0.0002454038855060506	-0.00041460363883833145	0.00048178755106317595
0.114487	-9.560437964415903e-05	5.595512202249156e-05	0.00011077532707104235
0.114547	-4.527599818567062e-05	0.00010955951088313567	0.00011854620380535504
0.114607	0.00019479009018409622	0.00029594194784332	0.0003542948147055312
0.114667	-2.681348240467907e-05	-0.00031771946827605243	0.0003188489036523154
0.114727	0.00020423714380896093	-0.00030001139548704983	0.00036293201613157416
0.114787	7.976858299026611e-07	7.652311350798793e-05	7.65272709799561e-05
0.114847	-9.911601965373567e-05	-3.604049057835164e-05	0.00010546517109040297
0.114907	3.6744649264822026e-05	-3.700634744579853e-05	5.215015820564637e-05
0.114967	0.00017898684338558973	0.0005258335610290529	0.0005554612713858927
0.115027	9.290698390148685e-06	-0.0003996837961302291	0.000399791763253881
0.115087	0.00011681512528412333	-2.1676058811879277e-05	0.00011880919585941771
0.115147	-0.0006418415882249559	8.147199251011758e-05	0.0006469917386943225
0.115207	5.4530226492366916e-05	-1.2720188140892284e-05	5.599418530212339e-05
0.115267	0.00019003341033058642	-0.00024331774895449497	0.000308733257032921
0.115327	0.00018419505170978238	0.00021581884499650191	0.0002837350717306437
0.115387	0.00015632474459533523	0.00014156165971416135	0.0002108960153104482
0.115447	-0.0002114043520583786	-0.00021853795613012878	0.00030405696561459824
0.115507	0.00027536780975223623	-0.0001993059724164094	0.00033992690580269506
0.115567	0.0001496796423193359	0.0002690359080271243	0.00030787061427298254
0.115627	0.0001381305693858984	0.00011062945597105144	0.0001769715534410073
0.115687	-0.00029462236162393986	0.00015297891408263625	0.00033197120977996
0.115747	0.00040104050737614085	-3.9342819296189286e-05	0.00040296568834912615
0.115807	-6.0035223827921784e-05	-4.491225442490262e-05	7.497558734412057e-05
0.115867	0.00017765265981578706	-0.0001432690384402156	0.00022822463695930758
0.115927	0.000161444846131172	1.3714671682468833e-05	0.00016202632675486943
0.115987	-0.00037313237231072964	1.889043192504402e-05	0.00037361024569000737
0.116047	-0.000355487367983874	-2.94933487208094e-06	0.0003554996024924499
0.116107	0.00011222525443766417	0.00011536153743152747	0.00016094344364454296
0.116167	-0.00014345915689636084	-0.00017844038243183967	0.00022895741914128023
0.116227	0.00027616395067184756	-0.0003295122144836714	0.0004299358407304696
0.116287	-7.679012611185509e-05	0.000249024315352988	0.0002605951517302251
0.116347	-0.00011832227036020727	5.181013067661942e-05	0.00012916829837046845
0.116407	0.00013096147406143157	4.570954881256311e-05	0.00013870930228716136
0.116467	0.00017211882248696088	0.00028600861994604104	0.0003338050624806893
0.116527	-8.105887797328665e-05	0.00018886139988893085	0.0002055217021783705
0.116587	6.75654278774105e-05	6.24915930699484e-05	9.20341580538312e-05
0.116647	-0.00029188955929732366	-0.0003065156294903438	0.0004232627386726211
0.116707	-0.00010247084137791835	-0.00025640260273385905	0.0002761205679072018
0.116767	-5.9097430519936765e-05	0.00023540844840883604	0.0002427130896270623
0.116827	9.670958227967119e-05	-0.00048237918498665903	0.0004919780700530277
0.116887	0.0002069416973146363	0.0002621134732547396	0.0003339585886739936
0.116947	-6.456087093202606e-05	0.0001082566634774867	0.00012604606793858953
0.117007	-3.118308393579685e-05	-7.440232772310641e-05	8.067274071434216e-05
0.117067	0.00032225669778727895	1.3366498785536345e-05	0.00032253378514280544
0.117127	-9.379359491531117e-05	-5.8936006620830884e-05	0.0001107731525395396
0.117187	0.00048652760934802554	9.220309409578201e-05	0.0004951873637510761
0.117247	-0.00021164533304101322	-0.00020796033211097244	0.00029671745268815476
0.117307	6.985526479507542e-05	-0.0002700840416473329	0.0002789715891845411
0.117367	0.0003398362972184038	0.0002217175655921165	0.00040576765248009824
0.117427	-0.0001854295497241195	-0.00041084894970519676	0.00045075600648771506
0.117487	-0.00019690649919118053	0.00020761790652313873	0.00028614221033041793
0.117547	-5.7208770197317184e-05	0.0002577865721972056	0.0002640582515140827
0.117607	6.5186733742265035e-06	5.181228218959141e-05	5.222074002016536e-05
0.117667	2.5226334478974146e-05	-0.00021753429499402416	0.0002189920944915414
0.117727	0.0002986866337307396	-8.351685747385104e-05	0.0003101431454211241
0.117787	-0.00016244744858545903	-5.4894660404519854e-06	0.0001625401728476214
0.117847	-1.586940806845491e-05	2.407729974685465e-05	2.8836686278819014e-05
0.117907	4.3223330446636054e-05	-0.00011670387679891808	0.0001244509990108402
0.117967	5.8112328246460796e-05	-0.00012035691710920597	0.00013365189931406393
0.118027	9.171927771871411e-05	9.989166578824791e-05	0.00013561257611001136
0.118087	0.0002264141019925204	2.683423611496751e-05	0.00022799873203365245
0.118147	0.0003876522856914585	3.344380973630302e-06	0.00038766671186201806
0.118207	0.00012495885261999006	0.00031533852443957566	0.0003391947815692825
0.118267	6.883455591265993e-05	3.4784526725313415e-05	7.712431125914285e-05
0.118327	-8.04207849298922e-05	-1.3794525273617304e-05	8.159529138537616e-05
0.118387	-0.00012485619459192264	7.329013810464767e-05	0.0001447774625809362
0.118447	-3.7078403619289636e-05	-0.0001190363237960036	0.00012467740131163292
0.118507	9.299437398845412e-05	0.000162598158545835	0.00018731287931159717
0.118567	0.00025298471889913926	6.482696257594294e-05	0.00026115857840266175
0.118627	0.00017823490784249523	0.0002729885250717919	0.0003260221115116199
0.118687	-0.00016560865176473138	0.000320867476756549	0.00036108470360768065
0.118747	-0.0003207761507897856	4.327345306058165e-05	0.00032368183553498585
0.118807	0.0001259550476859873	4.491353983653056e-05	0.00013372322198566318
0.118867	-0.00019631454970821932	-2.7991514759229918e-05	0.00019830009411409038
0.118927	0.00021926489240545562	6.267587232683146e-05	0.00022804683293899372
0.118987	-3.0382946615165494e-05	0.0002055360625281281	0.000207769575358344
0.119047	0.00014794441258852406	-0.0001213475993516176	0.00019134468658565918
0.119107	-7.652196672682334e-05	-8.084851827211517e-05	0.00011131978394938431
0.119167	0.0001619193518069042	0.00031344510722569396	0.0003527969837361068
0.119227	8.410337947487442e-05	-0.00010370483216870731	0.00013352179842345772
0.119287	-0.00017397040246042072	-9.186308548808793e-05	0.00019673466244572285
0.119347	7.882628845723005e-05	0.00013865764649235475	0.00015949773253166093
0.119407	-3.306818890635604e-05	-7.26498628630398e-05	7.982172443367117e-05
0.119467	-0.00013956553889304222	3.860702483007772e-05	0.000144806912862389
0.119527	8.329589161064738e-05	-0.0003861323904152022	0.0003950144661743046
0.119587	-0.0002058627079621441	-0.00045832282966153614	0.0005024333495285365
0.119647	0.00016639316178129905	0.00022552890092525948	0.0002802676746257639
0.119707	4.301595507560287e-05	6.519993522855742e-05	7.811148407804302e-05
0.119767	2.5710596180770356e-06	0.00010948046518212079	0.00010951065064208716
0.119827	-0.0001158122393028224	-9.907629370123025e-05	0.00015240927381857916
0.119887	-0.00013744959986723107	0.00021789037478109878	0.0002576210548963528
0.119947	-0.0002232291705984316	-1.3664560069463243e-05	0.00022364700491613038
0.120007	6.907568101065112e-06	-5.760565016161796e-05	5.8018319758620785e-05
0.120067	9.538900248450452e-05	6.390882322067465e-05	0.00011481898571421127
0.120127	3.4901847325189135e-05	-0.0001699655875666901	0.00017351207423001148
0.120187	0.00011268356025762657	3.0346521926556075e-05	0.0001166983125215318
0.120247	-5.586809740375798e-05	4.8408933857934777e-05	7.392340079283213e-05
0.120307	1.9811434731328448e-05	1.7433355785095796e-05	2.638967298098671e-05
0.120367	4.9382342689513996e-05	-1.311826133395535e-05	5.10950540652473e-05
0.120427	4.59875848619615e-05	-0.00015814314811509372	0.0001646939988499538
0.120487	-6.616951742083983e-05	-0.00033999598897759074	0.00034637505331151786
0.120547	0.0005106412074489275	0.00027456685437956906	0.000579777026337531
0.120607	8.727971895412078e-05	-0.00029622357823366166	0.0003088141150308136
0.120667	5.2403020383944085e-05	0.00016908739470546596	0.0001770215342653037
0.120727	-0.00017054415123534677	0.0001694424781465206	0.00024040811325955482
0.120787	0.00037447178625658385	0.00011847105834429398	0.0003927652102305062
0.120847	-1.0901217320613663e-05	-7.160274672984889e-05	7.242782530443761e-05
0.120907	4.4100216868391234e-05	7.209168391017515e-05	8.451059115190087e-05
0.120967	-0.00017343470958830034	0.00013942369948715468	0.00022252767573644069
0.121027	9.065625542546751e-05	8.360004954150215e-05	0.0001233187939087519
0.121087	2.994826104027939e-05	-0.0002432327732224462	0.00024506954178114154
0.121147	-6.177522756772296e-05	-0.00020676319992912645	0.00021579434558388196
0.121207	-0.00011860645837610546	-0.00014330767768087484	0.0001860230696736519
0.121267	4.068815398860769e-05	3.6706277026742485e-05	5.479850954327695e-05
0.121327	-6.856965406618531e-05	-0.0005286787058765957	0.000533106904387955
0.121387	-0.00042445431044687383	-0.000247315634053881	0.0004912499206151634
0.121447	-0.0001942754125635153	0.000147945293626035	0.0002441940741148683
0.121507	0.00010500605641661112	0.0001745570651764281	0.0002037067521884738
0.121567	-0.00010473012852375163	-0.0002045840717238803	0.00022983263959612727
0.121627	-0.0002576463670053706	-0.0005178055938375079	0.0005783634527185136
0.121687	0.00012957747043959063	-0.00011129517673683017	0.00017081257919253267
0.121747	-0.0003931620330838556	0.00019480794616422547	0.0004387784408415647
0.121807	3.9088867847420476e-05	-0.00013298032398449043	0.0001386062991231392
0.121867	-0.00010489335545459681	-9.035585854360916e-05	0.00013844420244877394
0.121927	0.0003463182758931254	0.00013881832499054887	0.0003731043762417811
0.121987	0.0002951615453858783	0.0003327343551756175	0.0004447836428969863
0.122047	-4.871073461149342e-06	-0.000442330844810015	0.00044235766482226294
0.122107	-0.00035125640085699895	-6.713164733309824e-05	0.00035761392201180903
0.122167	0.0001742661343472219	0.00038061824143123107	0.0004186154933713358
0.122227	-0.00028601057483030863	-0.00012185964019118694	0.0003108887595624665
0.122287	0.00011488160825016177	-0.0002293134066373332	0.0002564808421261958
0.122347	9.687844709157565e-05	-8.069676579407632e-06	9.721395574181447e-05
0.122407	0.0003954936956167075	7.171060928666042e-05	0.0004019423774085347
0.122467	-0.00038792038619225383	8.225264784552858e-05	0.0003965447315261519
0.122527	-7.505984172079892e-05	8.869166901058695e-05	0.00011619032658115261
0.122587	0.0001135046738878808	5.8679955383851165e-05	0.00012777577297064154
0.122647	-0.0003955491473615333	0.00041108851408790456	0.0005704847889238041
0.122707	-0.0002987349635175286	4.8740347922460134e-05	0.0003026849846679244
0.122767	0.00012751482394294725	-0.0002045125106599946	0.00024100912294279492
0.122827	4.6033889771192026e-05	-0.0003882349946657483	0.00039095463942838676
0.122887	8.74752156888243e-05	0.0003673135306489076	0.000377585941419397
0.122947	-4.414303356411342e-05	7.758423540516348e-05	8.92632118828707e-05
0.123007	-0.00011204047134512484	-0.00015870897378641126	0.0001942719886642784
0.123067	7.610155018707768e-05	5.524043848679159e-05	9.403697137344071e-05
0.123127	0.00023076894434090534	9.95745922701065e-05	0.0002513352444405158
0.123187	0.00023327236255452338	-0.00020801228889103315	0.00031254616852787625
0.123247	5.340612616671181e-05	-0.0001184569602290811	0.00012993946951888344
0.123307	0.00047659288309750514	0.0002663620080939883	0.0005459757280090884
0.123367	-0.00010209820873951226	-0.0001239012375635927	0.00016054769041505036
0.123427	0.00017292947702605356	8.74858160035958e-05	0.00019379982462922767
0.123487	0.0002950770729865872	7.966089581348767e-05	0.0003056408633087844
0.123547	1.7014673711996317e-05	-2.5448606240948187e-05	3.0612590238862923e-05
0.123607	1.1774756398016148e-05	6.686927427100852e-05	6.789804658282876e-05
0.123667	-0.00012216135294275447	-0.00019897711456846689	0.00023348509218962358
0.123727	0.0001170852371017609	-0.0001103467524942663	0.00016088927413972142
0.123787	-2.7437598614907296e-05	1.200393881887223e-05	2.9948561984175306e-05
0.123847	-5.897485664949792e-05	-6.471053791606935e-05	8.755276942630586e-05
0.123907	-2.4511750783633122e-05	9.674655649400317e-05	9.980341737599112e-05
0.123967	-0.00031440137291049357	-9.041705374354378e-05	0.0003271444129060836
0.124027	-3.446555958511124e-05	0.00043999257779834763	0.00044134039393097684
0.124087	-0.00028181075882026743	0.00018722124665837813	0.00033833282280495964
0.124147	0.00023016234195505329	0.0002160518524206737	0.00031567880288140894
0.124207	-0.00018342839063024052	0.00022651914257817318	0.0002914736633789593
0.124267	0.0003302742911599047	0.00021115337427998055	0.00039200364140017763
0.124327	0.00021281489664968026	4.721889930391531e-05	0.0002179903775112273
0.124387	0.0004895649435032171	-0.00014648245035724322	0.000511009728058058
0.124447	-0.0003956779132325641	-5.554223295906594e-05	0.0003995571932304006
0.124507	0.0003552146241888884	1.0595639643454972e-06	0.00035521620446348975
0.124567	1.3805579191420635e-05	0.00028359775955215816	0.00028393358948848287
0.124627	-0.0001384305984717768	-0.00019408376557146539	0.00023839366319525738
0.124687	-7.17814113505144e-05	0.00046169024466253243	0.0004672370415881224
0.124747	-0.0003187059414220025	-0.00018489332603831255	0.0003684549078397445
0.124807	-0.00010899198302783821	-0.0001469791405023413	0.00018298120151301762
0.124867	0.00026721533044105463	2.93221300649164e-05	0.00026881930759204385
0.124927	3.254983918683331e-05	-0.0004476888187993972	0.0004488705498349031
0.124987	4.2753002091127214e-05	0.00039016487515479274	0.00039250025349336904
0.125047	-0.0003691584359532472	0.0001631538538351928	0.0004036051670342231
0.125107	-0.00021079629341808369	-0.00011359363642294152	0.00023945477976977252
0.125167	9.607670306378931e-05	-0.00037366626917071315	0.00038582018297072976
0.125227	-8.75905416125558e-05	0.0004550212055077941	0.00046337501059265926
0.125287	-0.0003589007435760117	-0.00025345831009960585	0.00043937553265738645
0.125347	-1.1418181528213893e-05	0.0002231964737071556	0.000223488345881212
0.125407	0.0001408888230484969	-0.0002776803374025338	0.0003113776328511341
0.125467	-0.00015574337958253518	4.206921737103453e-05	0.0001613251974553293
0.125527	-0.0002100056191283454	0.00030474021005006026	0.0003700931716295702
0.125587	-0.00011104032748079378	-0.0002749826414666125	0.0002965559094589037
0.125647	9.01350219270001e-05	0.0002147742741386071	0.00023292125495442948
0.125707	-9.133773564848146e-05	-0.00024749851002581755	0.00026381450759651486
0.125767	-0.00011236859403352989	0.0002140330892458767	0.00024173718004726885
0.125827	0.00019789818210121308	-3.759478104084683e-05	0.000201437479234809
0.125887	0.00017527059247812238	-0.00020000220507325895	0.0002659335680612697
0.125947	2.018956791513902e-05	-1.4056534229478701e-05	2.460091069746235e-05
0.126007	6.691831566307913e-05	-0.0001717966871144839	0.0001843696359889431
0.126067	-9.736352274480833e-05	-1.7930575923319268e-05	9.900081370484147e-05
0.126127	-0.00014679651008037468	-9.464470033899365e-05	0.00017466205848447867
0.126187	-1.6589573222194483e-05	-0.0003349534524132006	0.0003353640249388965
0.126247	-8.6113884004417e-05	0.00033606413344411596	0.0003469217531459663
0.126307	-0.00018057759119389456	0.00012341305406774004	0.00021872139437127824
0.126367	-0.00021256199114449135	2.4316254277106887e-05	0.00021394831221904916
0.126427	0.0001341049948878139	8.378633111757116e-05	0.00015812747685334092
0.126487	-0.0001796987092856086	0.000495481978609421	0.0005270616825814796
0.126547	0.00015928278636645975	-3.492117426111437e-05	0.00016306592054883318
0.126607	0.00012896666629207446	0.0003245009613795025	0.00034918945423754235
0.126667	-0.00032747448144035103	-4.2523659510572076e-05	0.0003302238598478279
0.126727	0.00012729625811420958	0.0003191629434820654	0.0003436121677444143
0.126787	-6.813011257686271e-05	-0.00010656977948544112	0.00012648648204180373
0.126847	0.00021428733665904555	-2.6666434801231022e-05	0.00021594018013661894
0.126907	0.0003505273649451207	-1.3047164413670713e-05	0.0003507700986039249
0.126967	-0.0001547065673194178	0.00013806642632257937	0.00020735587777838803
0.127027	-3.973534683550393e-05	1.686983300990283e-05	4.3168148604263766e-05
0.127087	0.0002343677812106768	-0.0004607385185518573	0.0005169218890190043
0.127147	1.8976445327024798e-05	0.0004663321744685646	0.0004667181188060191
0.127207	-0.0002684313229936647	0.000357862538126928	0.0004473488251451837
0.127267	0.00031291839916396894	-0.00028528982900495365	0.00042344800279257036
0.127327	-0.0003536490214131769	-0.00021974839687868025	0.0004163616075927842
0.127387	4.2699857441451966e-05	-8.919045503922882e-06	4.362140756808941e-05
0.127447	-0.00015831920184001646	-0.00017577778673469113	0.00023656457887986194
0.127507	0.00014475396081392534	2.0492880382596177e-05	0.00014619735742377434
0.127567	8.906775467636527e-05	-0.0002943502703823844	0.00030753072463946104
0.127627	-8.330692337577561e-05	0.0002394385281766273	0.0002535169664099957
0.127687	0.0001537566388896362	0.00016093381881398584	0.00022257762250660064
0.127747	-0.00013710128379198317	0.0001432970244369281	0.00019831994158401589
0.127807	-0.00020406637433742557	4.354534595092064e-05	0.0002086606869757877
0.127867	0.0003422757687528323	0.00021740245301569576	0.00040548308035303287
0.127927	8.362852058648693e-05	6.843370908766683e-05	0.0001080597149495587
0.127987	6.334066613475681e-05	-1.5212891325378484e-05	6.514193771198784e-05
0.128047	0.0002101102174573557	-0.00019904115702297338	0.0002894195668385627
0.128107	-0.00033900842763386096	0.0003101434812171125	0.00045947327773032914
0.128167	-0.000179490558313906	-7.748499310886018e-05	0.0001955013674655955
0.128227	0.00026334371174030317	-0.00022106920090192222	0.00034383353835915184
0.128287	-0.00010828803429698306	1.3429101853718828e-05	0.00010911754739042725
0.128347	8.978107871773888e-05	1.9682171480241565e-05	9.191316537851615e-05
0.128407	-0.00019669143538804049	-0.00028616374640299446	0.00034724229366597185
0.128467	0.00016992787430320883	0.00021676296244213332	0.0002754299626981365
0.128527	-0.0001266858434449645	-0.00042057446771101787	0.0004392404646884985
0.128587	-0.00013456309638629094	-2.2521285093627752e-05	0.00013643472868494547
0.128647	-0.00024046910303927643	0.0002989793692765499	0.00038368483520920884
0.128707	-0.0002087349790732155	0.00024912077250688623	0.00032500992413020787
0.128767	-0.0002805807347150102	-7.711051855719889e-05	0.00029098381529799044
0.128827	-6.643368841271731e-06	-0.0004630561186960168	0.00046310377175248833
0.128887	0.00017291284264648254	-0.00045234791269720126	0.0004842700540747921
0.128947	0.0001612438946040521	0.000377625886716958	0.0004106104039912426
0.129007	-0.00031876444281596697	-0.0003901775961222869	0.0005038346221921835
0.129067	4.0085652907311474e-05	0.00024120029071061902	0.00024450856796417704
0.129127	0.00017725283767096265	-5.643650740041163e-05	0.00018602055754664686
0.129187	-0.00011224920365498501	-0.00012856317110442446	0.000170670362645668
0.129247	-0.00019096353605812784	0.0002982149518074757	0.00035411753639908735
0.129307	-0.0003862900576062449	-0.00020616195971713406	0.00043786157885779975
0.129367	0.0005065374673292645	0.0002878089470043797	0.0005825926499571682
0.129427	-0.0002104275244902488	-0.0002858038621434443	0.0003549134974598785
0.129487	-0.000535484017949422	-0.00012446698110910083	0.0005497591862494616
0.129547	0.0002220616312880681	1.4182416730369296e-05	0.00022251406480182723
0.129607	3.6555177598009336e-05	-1.3591058541143788e-05	3.8999972839616194e-05
0.129667	-5.237229196764554e-05	9.098829562606989e-07	5.238019523577975e-05
0.129727	1.6952129536612857e-05	0.00010571480944097936	0.00010706538017010298
0.129787	2.8367318550948153e-05	7.712757386546735e-05	8.217887448818029e-05
0.129847	0.0002225657022672282	-2.501215841603235e-05	0.00022396673836606445
0.129907	-8.013345073971411e-05	-0.00020028505679255357	0.00021572082398751077
0.129967	5.7172880496307315e-05	-0.0002413720937066631	0.0002480508534244202
0.130027	0.00031133917655217836	-0.00013262230215312483	0.0003384091575069789
0.130087	0.00012983982472109432	0.00010110665987101355	0.00016456286565892474
0.130147	-0.0004640794776652577	-0.00036091263984725907	0.0005879010930348537
0.130207	-0.00012679507770396882	-5.3586927098466016e-06	0.00012690826339334274
0.130267	-2.347266847951429e-05	0.000166118732874859	0.00016776888739423036
0.130327	8.556757265031192e-05	-0.0002296531691093188	0.00024507628928809044
0.130387	0.00011611834282330052	-0.0004405965290406479	0.00045564105493545686
0.130447	0.00020700647451441125	0.00018605709388640443	0.0002783323960237829
0.130507	-3.6552160529011875e-06	9.229903425664554e-05	9.237138263067633e-05
0.130567	-0.00022888319801722928	0.0003456543534385855	0.0004145653752855402
0.130627	8.028654920031036e-05	-9.421405846092061e-05	0.00012378295033715922
0.130687	-0.00010701790968855347	-1.9947265874315054e-06	0.00010703649811286799
0.130747	0.0002308122207564466	0.00023534958471727274	0.0003296417878199234
0.130807	0.00010346518906253357	0.0001882686767060888	0.00021482583638009558
0.130867	0.0005538198197015371	3.365575384515576e-05	0.0005548415111192824
0.130927	0.00033004499909139445	0.00010289738368637373	0.00034571313685589005
0.130987	-0.00031346214726518575	-0.0002303939768111167	0.0003890242952810819
0.131047	-0.00017274669447154325	0.00024013335632563947	0.00029581319996082196
0.131107	0.00036557295219255206	-0.00022804772037302774	0.00043087045169298
0.131167	5.186851926633102e-05	2.3421703749147097e-05	5.691150584367421e-05
0.131227	0.00020857499298620446	-0.0008742693741544891	0.0008988050212830797
0.131287	9.513563747472629e-06	-5.97331216031164e-05	6.048597946326005e-05
0.131347	0.00013216635322626342	0.0003587785703975917	0.00038234801882796395
0.131407	0.00019018466910333804	-1.1582823087882816e-05	0.00019053705716377424
0.131467	-0.0004975929498898165	-9.915146248556451e-05	0.0005073753603527429
0.131527	-4.967731673876475e-05	-0.00020583974547365577	0.00021174946662275905
0.131587	-0.00019663425288613911	-4.9258063133190965e-05	0.0002027101038224872
0.131647	-0.00014272764846430094	-0.00022120750735138753	0.0002632564205195445
0.131707	0.00022001159957712484	-0.0003107954746372813	0.00038078725162943425
0.131767	0.00011076756202258841	-2.789968270896034e-05	0.00011422716442111584
0.131827	-0.00021838258612487735	-5.4225439995516614e-05	0.00022501411570231955
0.131887	-0.00010008457712552845	0.00020789549739737837	0.0002307324433548503
0.131947	0.00023295577692359032	0.0002291536260796432	0.0003267717526768838
0.132007	0.00013905288126779317	0.00020275993242321828	0.00024586031396942254
0.132067	7.820865981971966e-06	0.0004675066541071965	0.00046757206672256825
0.132127	0.0001346294621008946	3.827348916155309e-05	0.00013996410982168155
0.132187	-4.426354202445042e-05	-0.0003007933485810805	0.00030403272801323496
0.132247	-0.00015933688395864743	0.0001497761164853589	0.00021868042358447927
0.132307	5.09318153447372e-05	0.00018066547663771787	0.0001877073900064784
0.132367	4.110615991401436e-05	0.00011731751960139381	0.00012431056587555196
0.132427	-4.5986332585472024e-05	-0.00010058446700457983	0.00011059827208079272
0.132487	-0.00022968820203185785	-0.00018214046781291532	0.00029314129727442905
0.132547	0.00020489059658229154	0.00013137152685939398	0.00024338988195324763
0.132607	-0.0004915753336168912	-6.218918893040101e-05	0.0004954934952553656
0.132667	-0.0004951904541495773	-0.0002534233324690046	0.0005562705918171121
0.132727	-0.0002090595093502697	0.00019072463619551844	0.00028298721755882963
0.132787	0.0002652193339714551	0.0001462752802663649	0.00030288240742780995
0.132847	-0.00013581902847048378	-0.00024067904499925182	0.0002763570357280921
0.132907	-9.61968529848291e-05	0.0001881417866328427	0.0002113082260622689
0.132967	0.00015477131256677688	0.00010282622846346715	0.00018581547958570105
0.133027	-0.00047090781012660405	5.11599929416268e-05	0.0004736786996646789
0.133087	-0.00018900503022343805	-2.893398179551872e-06	0.0001890271758313819
0.133147	0.0003440449094411549	-8.746491250269889e-05	0.00035498874718993176
0.133207	0.00029643488351834436	3.730658225533802e-05	0.00029877319365382947
0.133267	2.7382953429957166e-05	-0.00013522558662919	0.000137970233810615
0.133327	0.00012707471639960443	-4.296439726621889e-05	0.00013414142902358454
0.133387	0.00010829109657372373	-0.0001299701916608645	0.00016917213812416457
0.133447	0.000428003303671092	1.3562179366099925e-05	0.000428218122762836
0.133507	0.00036329245474633215	9.825649518037208e-05	0.00037634524910080405
0.133567	0.00010426046913772298	-5.0954194804466964e-05	0.00011604557463768126
0.133627	0.0001890961537235554	2.805094261982773e-05	0.0001911654015111086
0.133687	9.600594790642875e-06	-0.0002042987251431251	0.00020452418075973388
0.133747	5.715237619973107e-05	-0.000339686448039528	0.0003444608498610351
0.133807	-8.999236012899916e-05	0.0001957083776988725	0.00021540750679377915
0.133867	4.163877466136248e-05	0.00018015337458954448	0.00018490274722485995
0.133927	-5.769419141427452e-05	-1.3757187989856257e-05	5.931171844024748e-05
0.133987	-4.731853335085782e-05	1.594894619521997e-05	4.9934081379497366e-05
0.134047	5.485366989761347e-05	3.2953454048182944e-05	6.399105589800852e-05
0.134107	-3.2567092622004686e-06	0.0002664472207152373	0.0002664671228915359
0.134167	0.00027967142315209854	0.0004619379287086841	0.0005400025508343359
0.134227	-7.091916852564143e-05	-0.00010558304035437836	0.00012719004235726402
0.134287	0.0001038612307809532	0.0002860860441379788	0.0003043556799368988
0.134347	-8.88109447150923e-05	6.967975182361451e-05	0.00011288335446551759
0.134407	4.968785170368658e-05	-3.5870041496511543e-06	4.981715774406609e-05
0.134467	-0.0005990282981010873	0.00023560084610745085	0.0006436945398342538
0.134527	-0.0004953616340375779	0.00024557787523220466	0.0005528938788591745
0.134587	-0.00011801427473888964	-0.0001464076129253307	0.00018804935034357227
0.134647	8.607660338376741e-05	-0.0004327830837339403	0.00044125999050032304
0.134707	-0.00012110276726608668	-9.266114883055721e-06	0.00012145674589964092
0.134767	6.56161197790945e-05	0.00011710347815067809	0.0001342337504871663
0.134827	-6.758440989752395e-05	-0.00020271441724783025	0.00021368384922900455
0.134887	0.0001568901772151545	-0.00021793905576146533	0.0002685367009047398
0.134947	-0.0002541563455888214	-0.00014712935348659394	0.00029367072489515795
0.135007	0.00013500929580406167	2.6487272962073984e-05	0.00013758301342271887
0.135067	0.0001720441910772014	-7.332781324516157e-05	0.00018701917516320587
0.135127	-0.00018404149713762118	-0.00014625732371345836	0.00023507972564319616
0.135187	5.336044018203188e-05	-0.000373221707600362	0.00037701694869136894
0.135247	0.000164903244306188	0.00014400158549348415	0.00021892815398514542
0.135307	-0.00015745168452546178	-2.0471863618993038e-05	0.00015877698246263592
0.135367	4.605044069586558e-05	0.0007230618469731088	0.0007245267956648994
0.135427	-0.0002524510660677517	4.022031850798769e-05	0.00025563492480415955
0.135487	-0.00011476395868987286	-0.0003117028186815255	0.0003321587171642177
0.135547	0.0001830400564080585	-0.00023265423090620602	0.0002960264403873807
0.135607	0.00019313257513410258	0.00015167472973247076	0.0002455716091435405
0.135667	-0.0002654379143944396	-0.00021025277810659312	0.00033862001875200785
0.135727	-0.0002752888499185213	-1.3691627786659356e-05	0.00027562911958084284
0.135787	0.00010175055183913622	-6.297176483665693e-05	0.00011966042773704248
0.135847	-0.00011119217129785232	5.618989110077976e-05	0.0001245833167797696
0.135907	0.00046882252714094947	0.00018349387242737339	0.0005034526424334462
0.135967	0.00022580032673929034	-0.00015130763529825578	0.0002718083664185491
0.136027	-0.0002597622947661819	-0.0001826784719568811	0.0003175655426816546
0.136087	-2.384478849757726e-05	-0.0003118026574338064	0.0003127130811483233
0.136147	2.796157051059925e-05	3.688344181531428e-05	4.6284313817565534e-05
0.136207	5.440511273320761e-06	-0.00013638325109237892	0.00013649172261145364
0.136267	-0.0002289333522382941	6.66139794148918e-05	0.00023842798078361203
0.136327	0.00014633242768360828	-1.4309720669651208e-06	0.0001463394241919616
0.136387	5.396501004139486e-05	-3.7154839369040355e-05	6.551873317843561e-05
0.136447	0.00036445360207303925	-0.00011473852912935794	0.0003820881549208006
0.136507	5.304303910329337e-05	0.00032996901932485286	0.0003342052029988741
0.136567	0.00014772300680648888	9.688423582500287e-05	0.0001766596781706135
0.136627	0.00010297582964408807	-0.0005251362644736321	0.000535137475566988
0.136687	0.0002502298431292163	-0.0002589692841402049	0.00036011118355386073
0.136747	-0.00012551035180677388	-0.00017738584408208337	0.000217298380323861
0.136807	0.00010559481226762057	-8.025971194107988e-05	0.0001326344063156282
0.136867	-0.0005783734156504139	-0.00016511606875930422	0.0006014807761630073
0.136927	0.0001517200796197015	1.6122882281372878e-05	0.00015257434218395822
0.136987	-2.700234126045968e-05	-0.00039053553193394536	0.0003914679145683283
0.137047	-0.00012851533838768254	4.143467631778609e-05	0.00013502971747900627
0.137107	0.00024921439404589904	0.0001324365351804414	0.0002822184438520362
0.137167	5.669638891861789e-05	0.00026364420218963537	0.0002696715518266999
0.137227	-0.00011190313475310459	1.952752124317592e-05	0.00011359417086045469
0.137287	0.00021580025773947653	0.0001597924176998122	0.00026852070310271376
0.137347	-0.00034347665732518696	-0.0003119133351895311	0.00046396782517362206
0.137407	-0.00032828131883390376	7.457906202795869e-05	0.0003366461952678172
0.137467	-0.00021747511952017556	-2.988926897659974e-05	0.00021951946613061487
0.137527	0.00011425834877069053	0.0002457549610782907	0.0002710174738986343
0.137587	-3.49645017366392e-05	6.299430883279347e-05	7.204720207622783e-05
0.137647	-0.00025123059342046383	-0.0002388069663364679	0.000346620221916185
0.137707	0.00022589939166097506	-0.0002703552537198127	0.0003523102302895885
0.137767	2.6033563017186217e-05	-0.0002870106064755306	0.00028818888707377613
0.137827	-0.00028908540448683374	-0.00015717431641891903	0.0003290503560689013
0.137887	0.0001191429503560321	6.630444658008009e-05	0.00013634999910462276
0.137947	-7.505765045879236e-05	-0.00030488971605898465	0.0003139926589124697
0.138007	0.000307219675607375	-0.00016602730082777959	0.00034921196099283136
0.138067	-1.494423896725264e-05	-0.0001964713214596374	0.0001970388551387937
0.138127	-0.00011910094759279185	-0.0003881650469010693	0.0004060260328516021
0.138187	0.0002339111023044016	0.0002015492910343703	0.0003087661258909687
0.138247	0.000552794240654231	-0.0002164750431464912	0.0005936690296838492
0.138307	-0.0002272906371694548	0.00020148150443679506	0.00030373644887469634
0.138367	0.00014377392488223632	-0.00013334886228347592	0.00019609400946571612
0.138427	-6.0261587277210706e-06	8.013141934630754e-05	8.035769381624562e-05
0.138487	0.00018563764621191135	0.00013490752551292384	0.00022948066613795367
0.138547	1.4456367640050495e-05	-5.668121981047818e-05	5.849570278702567e-05
0.138607	-0.00010090068452952394	0.00012318399351910766	0.00015923330178653605
0.138667	0.0003411612971343575	-0.00020331967564043423	0.0003971522644590218
0.138727	0.00016786836231528937	-0.00031177690851148104	0.00035409691857935405
0.138787	-0.0004074962418505602	-2.0519993432622634e-05	0.0004080125699691189
0.138847	0.00011733539754559424	0.00022674403324371333	0.00025530462614063384
0.138907	-0.00023210143275211135	-0.0002341749244923081	0.00032971043408809656
0.138967	0.00034615558193240505	-9.097105941139499e-05	0.00035790979387744274
0.139027	2.6609114471860026e-05	0.0001037596204263705	0.00010711724326176917
0.139087	0.0001417480964275604	0.0001682077536965793	0.0002199690233748517
0.139147	-1.889347123181702e-05	0.0001681820664093915	0.00016923997966473663
0.139207	0.00012287536467908765	0.00013708607910721795	0.00018409494379262347
0.139267	-0.00015452941351406585	0.0002464363551691973	0.00029087835393868674
0.139327	-0.0001502337022009964	3.786807645598072e-05	0.00015493274828613115
0.139387	-4.623883636243766e-05	0.00037229111839973323	0.00037515157846859247
0.139447	-0.0001004980919637273	0.0004413335168561793	0.0004526313506475146
0.139507	-0.0003888078832272957	0.0003167841840482239	0.0005015214744383229
0.139567	-0.00010380637591863855	-0.00018043721593787281	0.00020816664616785333
0.139627	3.110120748632924e-05	0.0003414792680911215	0.00034289265906863004
0.139687	0.00020166402463865066	-8.853147599223193e-05	0.0002202412338206028
0.139747	-0.00019972607622495268	-3.321283459639402e-05	0.00020246875785202772
0.139807	0.00026732949059183085	-0.00015654080043649024	0.0003097903787101608
0.139867	-2.3411762834651983e-06	-4.3784777006036294e-05	4.3847323793574725e-05
0.139927	5.885447676866337e-06	0.00010899330736542724	0.00010915209363457774
0.139987	-7.10830725262189e-05	-0.0003420222524162771	0.00034933082364382227
0.140047	0.0002573913510192751	-0.00022551264377870667	0.00034220791937591033
0.140107	-0.00027343225416288057	-0.00019160133980125323	0.0003338806239215289
0.140167	-2.9457284871975035e-05	0.00012079848096311553	0.00012433826697772843
0.140227	0.00013400961677231306	0.00018543259352010852	0.0002287877272212301
0.140287	-0.00029090486328043816	0.00010188251482805856	0.00030822992441990443
0.140347	0.0003862425284049384	-8.637295492870743e-05	0.00039578223569502986
0.140407	2.4710396776127564e-05	-0.00011625761008086921	0.00011885468274556573
0.140467	-0.00028079860643350917	0.00011670744530096401	0.0003040863120294603
0.140527	3.2274923244889715e-06	0.0003274926246387497	0.00032750852797977894
0.140587	-0.0004353751168614131	-0.0002798705686610077	0.0005175703117304207
0.140647	0.00011336868314662175	5.8189420924845456e-05	0.00012743024376484557
0.140707	0.0003742353623840324	-3.9895995186795625e-05	0.0003763559444072232
0.140767	-0.0003508473321527448	-0.00012345160640933343	0.0003719329907439557
0.140827	-0.0004987192941090707	3.980838673419096e-06	0.0004987351816276785
0.140887	-0.00025168978274882304	-0.00041795515106791145	0.0004878875434404433
0.140947	9.884400727241203e-05	0.0003478193625366603	0.0003615915468164008
0.141007	0.00026049603620330124	1.4469679128540974e-05	0.0002608975977116588
0.141067	8.252963683834434e-05	0.00022115603651062766	0.0002360532428113604
0.141127	0.0001058766953724407	0.00022002312673675446	0.0002441721747497174
0.141187	-0.00011500438333673062	0.00027323229942426966	0.00029644881115520674
0.141247	-0.00010269955282236547	0.00041308663208101406	0.00042566156010843747
0.141307	-9.386357167372152e-05	-0.00010285443776606294	0.0001392458453797483
0.141367	0.00010727458947557315	-0.00019405719606671785	0.00022173414913456458
0.141427	-0.00010594882092820952	-0.00023239436133845167	0.0002554061311675674
0.141487	0.00025025432187013416	-0.0006011750933571999	0.0006511825538877087
0.141547	-0.00034219852975473264	-0.0004903979696157741	0.0005979882961810995
0.141607	9.965275936770465e-05	-0.0002809274960701594	0.00029807873204549005
0.141667	-0.00011832401308781442	-0.00014139713885507737	0.0001843738673174897
0.141727	-0.00012240614447534798	0.00010076216742201875	0.00015854424804735964
0.141787	0.00028369024945310104	0.00017681335310216603	0.00033428000160044564
0.141847	-0.0002044022362322775	0.00032545689903920995	0.0003843207869852661
0.141907	0.0002687905737261154	-0.00033194179288391904	0.0004271226128256439
0.141967	0.00016638118091067566	-8.694129746823736e-05	0.00018772715990684864
0.142027	9.718846563574622e-05	-0.0004731131071537363	0.0004829923498496569
0.142087	0.00011924828290985365	0.000160498565371156	0.00019994984987028053
0.142147	5.993831377105686e-05	6.272471444993204e-05	8.675823454026239e-05
0.142207	-0.00031326602438765875	0.0001364568724705757	0.0003416958882984988
0.142267	3.963771987360211e-05	0.00010103540757370457	0.00010853249476706389
0.142327	-0.00010970567281746278	-0.00010717751994900774	0.0001533699952101197
0.142387	-0.00026835400349758747	5.4526320393503773e-05	0.0002738375262976903
0.142447	-0.00035936423546093925	5.7307545908532394e-05	0.00036390494438312315
0.142507	-9.855043518642152e-05	-0.00024415376852304955	0.0002632930894638899
0.142567	-0.00016546522531264186	-0.0004693270279257699	0.0004976410352145406
0.142627	-0.0004675531410318132	0.0005039688083765937	0.0006874521797952483
0.142687	-1.2851928445714112e-05	0.00027767717730376443	0.000277974435623422
0.142747	0.00040533389804501315	-0.00012767392367185596	0.000424966115931767
0.142807	0.00015649267113063104	-0.00023558363127159333	0.00028282433318353267
0.142867	1.0641948280676946e-05	-0.00023255605424266464	0.00023279941887411528
0.142927	1.1478238999259986e-05	2.4663996075777257e-05	2.7204092944814184e-05
0.142987	-0.0001840524575641543	-0.00012196792707476255	0.00022079737854041522
0.143047	-5.5080951946763985e-05	-0.0003179239705957021	0.0003226601344242864
0.143107	0.00010754195754025976	0.00016721348328554053	0.00019881051688498469
0.143167	0.00012933903499781586	-0.0004656849087146334	0.00048331254916329525
0.143227	-9.210027388004095e-05	-7.991561130800558e-05	0.00012193836713483899
0.143287	0.0002345619493993381	0.00011942261108102028	0.0002632129710774647
0.143347	-0.0004907833396473042	-0.000163770401500578	0.0005173867324188181
0.143407	0.00012482947082668286	0.0003293486980211112	0.0003522115297304601
0.143467	0.00019890472860896805	0.00014296451372254593	0.0002449529408823892
0.143527	-0.00023439463317478972	-4.0838887292629694e-05	0.00023792574214751195
0.143587	-2.6923411272795672e-05	-7.529839465782902e-05	7.99669826404015e-05
0.143647	-3.580917838646794e-05	-0.0002279839483534381	0.00023077906742929917
0.143707	0.0001247141155091419	-0.00012513985434727416	0.0001766736928727211
0.143767	-0.000383367506197556	-6.75839138373895e-05	0.0003892791160821665
0.143827	-0.00010299364238345315	7.129219358016714e-05	0.0001252607968874646
0.143887	0.0004093720839837478	0.00010439702710228149	0.0004224739547155436
0.143947	-0.0001459301048052637	-0.0005213049439517223	0.0005413450286804004
0.144007	-2.661540403866929e-05	-7.667399166587992e-05	8.116206459991661e-05
0.144067	0.00016456201199231826	0.0001834380039990859	0.0002464348942461853
0.144127	-7.156987335498285e-05	5.035443947688437e-05	8.750895009700148e-05
0.144187	-8.616880024621934e-05	0.00023039783267232212	0.0002459841934677433
0.144247	-4.061349848507234e-06	-2.8286173005445846e-05	2.8576251431669324e-05
0.144307	-0.00022936605017435862	0.00036771493440634727	0.0004333855765459329
0.144367	-0.00014122894802601736	-4.8742867386935066e-06	0.00014131303701975454
0.144427	-0.0002264402409104671	-0.0004036012571848773	0.00046278413704966577
0.144487	0.00017274145173077978	-0.0002510716356731188	0.00030475658382655594
0.144547	-0.0003158446300650331	0.00012040364355413107	0.00033801607612956496
0.144607	0.0001278419917769675	-0.00033236634485480385	0.00035610526821944747
0.144667	0.00011757327011566423	0.000401285753467167	0.0004181551503705328
0.144727	-0.0002800264791414703	0.00013159397014224215	0.00030940556232583413
0.144787	-0.0005171930458425837	0.0001527486649721394	0.0005392780371187944
0.144847	0.00010904878231905955	-1.2856526036753762e-06	0.00010905636078600355
0.144907	-0.0001882998792082759	3.320970417707761e-05	0.0001912059856839746
0.144967	0.0007165472739471283	0.00010785307788384224	0.0007246187150564627
0.145027	-7.128562095068636e-05	-0.00036763418645178536	0.00037448168820703506
0.145087	-0.00020923133827989128	3.400583561712295e-05	0.00021197676706283895
0.145147	-0.0004253326486605809	-0.0001615909186493375	0.0004549939417251201
0.145207	7.478226333594507e-05	-0.0001910776811916531	0.00020519031936040662
0.145267	-7.886613872093403e-05	0.00013195654686759949	0.00015372832562013608
0.145327	-0.00010891307455923524	-5.789304692905267e-05	0.0001233436771491552
0.145387	0.00022332848915411295	6.420813801238294e-05	0.00023237534089243626
0.145447	-0.00013152353156695794	-4.0906656963602745e-05	0.00013773813538661852
0.145507	0.00016408822745106493	0.0002610090047811169	0.0003083028494270877
0.145567	0.00020216211070733453	0.00019963979028169007	0.00028412244696496926
0.145627	-0.0004671477242528968	-0.00023892504078002223	0.0005247019834023842
0.145687	-0.0003248238269225182	0.00020376687394130122	0.00038344681176455256
0.145747	-9.919418137788724e-05	-0.00014454586862498096	0.0001753082820513037
0.145807	-0.0002457755464227005	3.215023721329059e-05	0.00024786943533289425
0.145867	-9.462874237208449e-05	5.783586738598856e-05	0.00011090350057239849
0.145927	8.875164071479404e-05	-0.0003393846302168096	0.0003507973502707346
0.145987	-0.00026975936879129785	-0.0003480562384371053	0.00044035583584831317
0.146047	0.00013363261959513966	0.0003870364489632007	0.0004094568229324108
0.146107	-9.555825352305813e-06	-0.00016918240366222312	0.00016945205666232317
0.146167	-3.0155873675208445e-05	-0.00014707595112042052	0.00015013564571776902
0.146227	0.00012916332992542282	0.0003847979261112198	0.00040589728963977994
0.146287	5.2948342772883796e-05	5.190721096014469e-05	7.414772789543697e-05
0.146347	-0.000302057732402301	0.00016793988930132266	0.00034560480338467607
0.146407	-6.259230322494068e-05	0.0002316520621198713	0.00023995931802576792
0.146467	-3.2495602490682297e-05	0.00013894312117377367	0.000142692519435121
0.146527	0.00013024577739973562	0.00011318764171046254	0.00017255551212997375
0.146587	0.00013686749120115315	-9.289237033117064e-06	0.00013718236064580303
0.146647	0.00020431245972456653	-1.3687556783491945e-05	0.00020477043343560108
0.146707	0.00023077502115096315	-5.834768320321311e-05	0.0002380368931960128
0.146767	-6.040266308075618e-05	1.3720213014616238e-05	6.194131054808083e-05
0.146827	-8.357719103729215e-05	0.00015119748066252757	0.0001727594426373836
0.146887	4.7425002418339415e-05	-1.4981264668788579e-07	4.7425239042187304e-05
0.146947	-0.000544416613935636	-0.0001490123846828475	0.0005644414409998722
0.147007	-0.00044637496446011705	-0.00029824899880803946	0.0005368454844615615
0.147067	0.00018993683450626474	-0.0002029302387755256	0.00027795086420400285
0.147127	-0.0002262493864818856	-0.00032953159416000655	0.0003997247258214894
0.147187	-0.0003462976154853417	4.4937140213887586e-05	0.0003492010668102779
0.147247	0.00015208334277369944	2.1745461205677262e-05	0.0001536301019731165
0.147307	-0.00013234993102869216	0.00024682762040260036	0.000280072095070019
0.147367	-4.2632004295349064e-05	-0.00014739286198462868	0.00015343449271353055
0.147427	0.0003209194634387845	-6.236899957381545e-06	0.0003209800631424259
0.147487	-0.00022772906374113832	-4.161846237944817e-05	0.00023150080536197922
0.147547	-0.0002755942962674024	0.00021081702329114652	0.0003469813156993681
0.147607	-4.1722726459959725e-05	0.0002705543254889607	0.0002737524957768223
0.147667	0.00013750577414383964	0.00023802608270054678	0.0002748895304820905
0.147727	4.244936243911084e-05	-2.952679658408602e-05	5.170860748468274e-05
0.147787	0.00016892027824614097	-7.340895584451352e-05	0.00018418179932049592
0.147847	-0.00019790998097064114	-0.00032149099394850224	0.00037752459490448495
0.147907	0.0002668632572344696	0.0001606222587322079	0.00031147312574606985
0.147967	0.00015351302691445307	-0.00019084426885266576	0.00024492403799208066
0.148027	-0.00035784100492326234	0.00023825949709229639	0.00042990437629682746
0.148087	-0.00014347374436387948	-0.00030595983756344445	0.00033792919010295806
0.148147	0.0001991914666884652	-6.93209767000383e-05	0.00021090907569886412
0.148207	0.00012407845203508546	-0.00026323547946648194	0.00029101267998039474
0.148267	0.0002353755717844559	0.00022475276181765322	0.0003254465604942266
0.148327	0.0005206315818728572	0.000281978813135143	0.000592088924993989
0.148387	0.00029031090316785155	-0.00023481762946262066	0.000373389527979265
0.148447	4.224086457267818e-05	0.00016314762138490627	0.00016852725893279125
0.148507	4.0879737263520565e-05	0.00014273055075752014	0.0001484694010167735
0.148567	0.00011263310376987776	-0.0003032097271361132	0.0003234537906638169
0.148627	-0.00014919732091120665	-7.190915241317336e-05	0.0001656223619197075
0.148687	-9.550861520597748e-05	-0.00011605668645692601	0.00015030319374492582
0.148747	-0.00021886786611967514	0.0002674243012778609	0.0003455703976525364
0.148807	0.0002682650812621738	-0.00011078250895556778	0.0002902394151646037
0.148867	-0.0002777096624666782	0.0001960166321793505	0.0003399193679658326
0.148927	-0.00031295977694450745	-0.00024892935050365805	0.00039988703845877385
0.148987	9.716026902634807e-05	-5.613621482879606e-05	0.00011221137416758194
0.149047	-0.00018501776893503809	-0.00014916637510981534	0.00023765980367975836
0.149107	-0.0001241926453009205	-6.760940558879588e-05	0.00014140312892899702
0.149167	0.0003365993308278112	0.00020026523759688117	0.0003916698544737207
0.149227	-0.00030333554269546556	1.7666212555417376e-05	0.0003038495458749376
0.149287	6.03416984853054e-05	-0.0003768605673703881	0.00038166085444386665
0.149347	0.00034126309573865514	8.362107866125465e-05	0.0003513587700764024
0.149407	-0.0002827881745876996	-5.9215177738016086e-05	0.0002889214235067869
0.149467	0.00016034251718478166	-0.00017217325821415217	0.00023527293440009015
0.149527	0.0003002866281506263	0.00029525000660725917	0.00042112305261961036
0.149587	0.0002644499724853287	-0.00020421638016981936	0.0003341229083393644
0.149647	0.00032025266970973215	9.702853595308085e-05	0.000334628613907133
0.149707	-7.189770853771019e-05	-0.00013524538918641593	0.00015316852088193133
0.149767	0.00040525761579645865	0.00011466118790199784	0.000421166146754612
0.149827	-5.945060120877103e-05	-0.0002794923903824492	0.0002857452891401356
0.149887	-0.00021572517967527002	2.892553021729835e-05	0.0002176557820143526
0.149947	-6.734688063476612e-05	-9.204849686585987e-05	0.00011405493459950625
0.150007	0.0003750395238905713	-0.0001886068030465214	0.00041979420033570703
0.150067	0.00021532392645279644	7.108418948880511e-05	0.0002267539532143368
0.150127	8.411167957662896e-05	0.0002499700150179621	0.0002637418871724431
0.150187	-2.8821705308901128e-05	0.00023895314688226202	0.00024068505791147282
0.150247	4.0376862205387986e-05	0.0003728747779420945	0.0003750545174063621
0.150307	0.0003349140410164825	-0.00029944736203765663	0.00044926176946330693
0.150367	-0.00012901139601826763	0.00019785437564574177	0.00023619969150011306
0.150427	-4.1343060133747523e-05	0.0001633652551037233	0.00016851544497857536
0.150487	0.00022321469742789734	0.00023107941761615693	0.0003212825833960659
0.150547	-0.00014705844710922853	6.617523385936198e-05	0.00016126173892935366
0.150607	-0.000320188304215603	-0.0002191716324481736	0.00038801643602618286
0.150667	1.1029697958929597e-05	0.00026356350128201457	0.0002637941876636021
0.150727	-0.00012444579012260595	-0.0002159322359182983	0.00024922577151634083
0.150787	7.766809152932709e-05	0.0005468990798278135	0.0005523865819861278
0.150847	-9.929854919024238e-06	4.346343789004802e-05	4.458332033322475e-05
0.150907	-0.00015437021765655584	-0.0004873468223357162	0.0005112113939849664
0.150967	0.0002423308869235668	-0.00011781749936169666	0.00026945356170035296
0.151027	0.00037207856368650196	-0.0002393112029820101	0.00044239383972621854
0.151087	-0.0001310372158324154	-2.9202571250773094e-05	0.00013425178621071488
0.151147	-0.00040645976705857786	0.00026875559860597346	0.00048727724553827514
0.151207	7.737634917383835e-05	9.142344225761782e-05	0.00011977205519529059
0.151267	0.00024979761491475893	0.00012501164981152781	0.00027933270665230425
0.151327	-4.5805048108037606e-05	9.530250283824725e-05	0.00010573868487650944
0.151387	-2.203244049597571e-05	-0.0001463105572443775	0.000147960155431687
0.151447	-0.00015929468832812034	0.00038368935717962463	0.0004154423191520895
0.151507	-0.00013612109351518833	-0.0001024195907735688	0.00017034883232354704
0.151567	0.00020036170678599751	-1.3696572245453062e-05	0.00020082930472785327
0.151627	0.00022180534121901395	-0.00028118859484900787	0.00035814052446831915
0.151687	0.0002762669143620365	0.0003287550630796342	0.00042942205284732997
0.151747	-8.096646060281898e-05	3.338515197133732e-05	8.757931328057516e-05
0.151807	-4.723199661591125e-05	-1.0258592793919518e-05	4.833322077450363e-05
0.151867	0.00012754904381825208	0.0004145944138650089	0.000433771007084407
0.151927	-3.773031476033283e-05	1.5514862746485446e-05	4.0795681364037435e-05
0.151987	0.00010314198798697998	0.0002259119177590683	0.00024834344016197885
0.152047	-0.00020497519429530105	-0.00016152186437476358	0.0002609677047979231
0.152107	6.31785039506783e-05	-4.0019176245058963e-05	7.47867490186528e-05
0.152167	0.0003471370714329171	-0.0003520853724605683	0.0004944373123700509
0.152227	-0.00010361596478097763	2.7475143099258155e-05	0.00010719678934472575
0.152287	-9.774209959423503e-05	-0.00010504608319742816	0.00014348587954293745
0.152347	-0.00022762076086879388	1.417845514431926e-05	0.00022806192003218802
0.152407	-0.00014245505984504888	-2.7431415869395034e-05	0.00014507214292225836
0.152467	8.056019181895783e-06	0.00021365913638943544	0.00021381095857728725
0.152527	0.000260723529042819	-4.1035626085796714e-05	0.0002639330998658467
0.152587	-5.658282632337872e-05	0.0002911185004156729	0.00029656634589752726
0.152647	-0.00012360750937142806	0.0001760005287907291	0.00021506976195556627
0.152707	-0.00011906807657389914	2.8121507453668045e-06	0.00011910128064308367
0.152767	-0.00014497522535387392	-0.00016914769617736578	0.00022277513121647346
0.152827	-0.00017600591730135152	0.00015957242020163629	0.0002375740731100466
0.152887	-0.00018868753771609666	-5.276009403008922e-05	0.00019592502242293417
0.152947	0.00018444607385110476	-0.0002495407996001191	0.0003103078549185534
0.153007	-5.57050369027152e-05	5.5723723337995805e-05	7.879203309334238e-05
0.153067	-2.437971308166696e-05	0.0005955755340135412	0.0005960743134253137
0.153127	-0.0001614388979438471	0.00029032379838200807	0.00033219034554947673
0.153187	-7.524737648698679e-05	0.0001350303517207861	0.00015458125227210941
0.153247	5.8077795944334415e-05	-0.0004468097741878522	0.00045056853495506233
0.153307	-0.00035999740162952687	-0.00012786871539392441	0.00038203211587051596
0.153367	-3.762372876165167e-05	-0.0004893236911854796	0.0004907679897072678
0.153427	6.999278006332088e-05	-2.5374764143530995e-05	7.445043932934335e-05
0.153487	0.0003459562965641001	-3.6384068131597826e-05	0.0003478642832286068
0.153547	0.0003391532088213727	-0.00035241066706338694	0.0004890993532135317
0.153607	9.157877518938798e-05	0.0003317031660124733	0.00034411286289223026
0.153667	0.00033339038933552674	-0.0002444363197996503	0.0004133984350943905
0.153727	-0.0004376278155690378	0.0002204355967841024	0.0004900101603939362
0.153787	0.0001409819571538742	-0.00017973134610167724	0.0002284278201411941
0.153847	0.0002530255596895509	0.00011733761842740062	0.00027890867780408827
0.153907	-0.0001184694144478807	0.0002991432294176875	0.00032174784205347355
0.153967	0.0002663397109854634	-0.0003472127623292525	0.0004375997531673552
0.154027	-5.2353121567101754e-05	-9.478839687834375e-05	0.00010828522300196894
0.154087	-0.00016694318237251376	-0.00023831551227700707	0.00029097132080759214
0.154147	0.00030499548984860495	0.00010645530245954318	0.00032304021460143826
0.154207	-0.00012293253787895193	7.510097008157474e-05	0.00014405750440901557
0.154267	0.00013566290513949874	0.0003833308653474922	0.0004066287940603147
0.154327	0.0003063738920353044	-2.591774213893012e-05	0.0003074681952307269
0.154387	0.000413589273792919	-0.00010264542828507554	0.0004261363295289205
0.154447	0.0002107206152299922	-0.0004660512229341365	0.0005114752389718495
0.154507	0.00014304501789912853	-5.446635194796826e-05	0.0001530635836516379
0.154567	-5.231586942000683e-06	0.00025726353311562373	0.00025731672112994395
0.154627	9.35853402526274e-05	-0.0003353861024910817	0.0003481982964552791
0.154687	-0.00026439999328955446	-3.5362472162525086e-05	0.0002667543080982232
0.154747	-0.0002927856086213344	5.322145728739892e-05	0.0002975834943869697
0.154807	-2.0341541035663496e-05	-6.628034858634923e-05	6.933154332937894e-05
0.154867	-0.00017197039369244374	-6.280226211831626e-05	0.00018307905514807475
0.154927	-0.00010765928365774076	1.773996857936321e-05	0.00010911108029386695
0.154987	0.00018604420913928736	-0.00011575249253634653	0.00021911432468608676
0.155047	-0.00037188428184067336	-0.00042799001860472535	0.0005669862212659374
0.155107	-0.00011525877410514901	0.00010727410720256763	0.0001574557686600581
0.155167	-0.00022906655048065888	-0.000259434030825363	0.0003460888627208388
0.155227	-0.00014971572736575863	0.0005592793572147988	0.0005789716732511676
0.155287	0.00036659649330875903	-0.00012305612298300819	0.00038669858845086084
0.155347	-0.00025456440981264105	8.341576090310983e-05	0.0002678828622930236
0.155407	9.453424422330525e-06	-0.00020330629685654623	0.00020352596290112673
0.155467	-0.0001777095425620586	0.00022681681634753926	0.00028814327980303386
0.155527	0.00015795022541562097	-0.00018097178261241588	0.00024020628595180642
0.155587	5.372406157844704e-06	-0.00011304129989298374	0.00011316889249886797
0.155647	-0.00031417539909112645	0.00015147172613619794	0.0003487834073070964
0.155707	-8.107768737001188e-06	-0.0002244772458131545	0.00022462361808534757
0.155767	0.00016528015440737023	-0.0003998442240303764	0.00043265798609453396
0.155827	-2.3771607599151832e-05	-0.00019530802540926323	0.0001967493687845363
0.155887	-0.000572432935449206	-2.3163377514186234e-05	0.0005729013943471072
0.155947	-0.00014859711472913384	-0.00014340029891100667	0.00020650604890314818
0.156007	0.00014685290005056597	3.085314289311151e-05	0.0001500589573455856
0.156067	6.703564187700493e-05	-2.3576295140532733e-05	7.106067108053205e-05
0.156127	-2.1826448836223292e-05	0.00015259389473766096	0.00015414697720036105
0.156187	8.281736268020456e-05	-0.00016621703562234586	0.000185706269394398
0.156247	0.00040498625719129444	-0.00010384685178387261	0.0004180885517916448
0.156307	-0.00024398002553119102	-0.0001430890347971582	0.00028284399363851263
0.156367	-8.074690034861327e-06	-0.00023941559077866252	0.00023955171827197376
0.156427	0.0001734042864117139	-3.3898121156897536e-05	0.00017668652796385865
0.156487	2.6724427271736177e-05	-0.0002908769301433339	0.0002921020087274517
0.156547	0.00013611853692214527	-0.000340755989815239	0.00036693718902393725
0.156607	-0.00017852463286717517	-0.00015364911140086754	0.00023554000504083354
0.156667	8.840740503867432e-05	-0.00023638934270061787	0.0002523802500357395
0.156727	-9.462994964347284e-05	9.954918173178924e-05	0.00013734943375564023
0.156787	0.00016925395820110317	0.0001634535843002885	0.00023529550906753894
0.156847	2.7808398529694897e-05	0.00014187823911932825	0.00014457780522745398
0.156907	-2.7143779591979277e-05	-0.00037085907504327554	0.0003718510969628728
0.156967	-0.0001976269074087961	-0.0001092279223424282	0.0002258033072193771
0.157027	0.00010025642303224791	0.00032164642408111325	0.00033690914574019566
0.157087	3.155535851017026e-05	0.00014982323966875212	0.00015311023413066064
0.157147	-0.0001080446862702674	-4.724918222824811e-05	0.00011792429542922318
0.157207	0.000316915149124398	-0.0002103317251961815	0.0003803612051307828
0.157267	-0.0001167404621140811	-0.0006734106842157517	0.0006834546693896648
0.157327	-3.391780424247086e-05	-0.0004497414241723798	0.0004510185872680094
0.157387	-6.203949637831814e-05	1.3224410236632839e-05	6.343330463551548e-05
0.157447	0.00019410579784568017	-0.0002343569447024844	0.0003043028726246129
0.157507	-2.7311960890230038e-05	3.364875710867823e-05	4.3337997907474666e-05
0.157567	-0.00039982208703770027	6.075061398861994e-05	0.0004044111007170509
0.157627	-0.00020582885801681837	-0.00022110839387825233	0.00030208349944332933
0.157687	-0.00020574979411330254	0.0003357818911337707	0.0003938050992445855
0.157747	0.0003256740862853858	4.470505183602916e-05	0.0003287280823682135
0.157807	-5.066065072902018e-05	0.00013961662826662293	0.0001485237503594228
0.157867	-0.00031291233957397196	0.00014176815201280308	0.00034352924356273077
0.157927	-0.00017992741541540675	0.00018439233586777998	0.00025763231230737445
0.157987	-1.6432787690445464e-05	5.691451877452044e-05	5.923933624387174e-05
0.158047	-0.0002906224858758044	0.00011400346451964302	0.00031218298995799507
0.158107	-9.058253188194926e-05	4.502802679128161e-05	0.00010115689931418781
0.158167	4.535558200577064e-05	0.00022304233304709032	0.0002276071421334826
0.158227	0.00022779905984857544	0.00023278530355558039	0.000325701411141184
0.158287	-8.346272858556129e-05	-0.0005234901183430948	0.0005301018119812594
0.158347	0.00014174814878502637	-1.6203472859156013e-05	0.00014267126626156852
0.158407	-0.0001665400775123385	7.347207073342201e-05	0.00018202676340492538
0.158467	-0.0001271989835703793	7.101315579626476e-06	0.00012739705689025578
0.158527	-5.042544113567292e-05	0.000653033269853465	0.0006549772336877334
0.158587	0.00030930065035124094	0.0003675143698823269	0.0004803474829513572
0.158647	0.0001974564679880759	-0.0003474575291251819	0.0003996445812169892
0.158707	-0.00014994853524950765	-0.00025542178113175756	0.00029618381032729034
0.158767	5.736548629731004e-05	0.00011694438932476065	0.00013025662828688626
0.158827	0.00017229098296601806	-0.00033013410954300015	0.0003723878530445728
0.158887	3.805099535262191e-05	-0.00037330925644132537	0.0003752434932042133
0.158947	0.00022904907150033722	3.778214573116936e-05	0.00023214428205583249
0.159007	-0.00024555659759448753	-0.0001034126200664985	0.0002664436387140797
0.159067	-1.4709682763852357e-05	-3.020365179488286e-05	3.3595168532985594e-05
0.159127	0.00023636731279168656	0.0001343449998338894	0.0002718788067075673
0.159187	-3.226518896533646e-05	-0.00019848681002511634	0.00020109215840732203
0.159247	0.00015869354530041851	-4.950552432820197e-06	0.00015877074443802953
0.159307	-9.626468189213317e-05	2.7461701717277367e-05	0.00010010511495923825
0.159367	4.416795744254279e-05	0.00013859130733160735	0.00014545913148554927
0.159427	-1.4188802689244893e-05	0.0003134332208940622	0.00031375421285104735
0.159487	8.959461536003541e-06	-5.081093721435677e-05	5.159479907525983e-05
0.159547	-8.649824562279792e-05	0.00016222773082070767	0.00018384717333442432
0.159607	0.00019290270137801383	0.00010895623960798694	0.00022154664147408835
0.159667	0.00013850234768657315	0.0003981496377428915	0.00042155193553047307
0.159727	8.100048920496838e-06	-0.00043803135707683877	0.00043810624347878386
0.159787	0.0002093268436512371	0.00010176899818844953	0.00023275449827075333
0.159847	3.5251451268012465e-05	0.0003619506743179318	0.0003636632445762241
0.159907	0.00032881015773033326	-1.2657200791112704e-05	0.0003290536803600792
0.159967	0.0001897004732830493	-0.00025320664866547443	0.00031638564520567917
0.160027	0.0002202149925069153	-8.670071566068611e-05	0.00023666781999438771
0.160087	0.00013268105489527463	9.358946126746213e-05	0.0001623676371339334
0.160147	0.0003152151456495191	0.0005220490559087683	0.0006098326039349518
0.160207	-0.0004855088027038336	0.00019518663420099535	0.0005232748987612756
0.160267	4.077256414260357e-06	6.037709630805266e-06	7.285462061773837e-06
0.160327	0.00022219164615506348	0.000307026972489007	0.0003789916746537612
0.160387	-0.00039199958156140534	5.4789184667771926e-05	0.0003958099628620736
0.160447	-0.00013163335418875556	-0.00019478342615953555	0.0002350913078814902
0.160507	-9.854204948646017e-05	0.00011644658312626719	0.00015254619706428155
0.160567	-0.0001491455353913369	0.0002067557652734102	0.0002549359472513871
0.160627	-0.000137180155149296	-3.973707805087134e-05	0.000142819572674077
0.160687	-0.00010324416325821469	1.790005032072819e-05	0.00010478439315267082
0.160747	0.00022617291029572198	-3.4540852237560136e-05	0.0002287952268403641
0.160807	0.00016146518199642668	9.194171949437923e-05	0.00018580711714227284
0.160867	-0.00011232419884736779	0.00040837338098176037	0.00042353930625288727
0.160927	-3.24234181830045e-05	0.0004079955949415318	0.0004092819120586255
0.160987	0.0001394750697148163	-0.00013006773364060604	0.00019071158959632343
0.161047	4.05280750474698e-05	-0.00029479705946279034	0.0002975698760542829
0.161107	-0.00018327520857546885	-4.362583274556352e-05	0.00018839590059533008
0.161167	-9.011627639569453e-06	0.00027094063321179404	0.0002710904575191133
0.161227	1.0707835944919044e-05	0.00010931216817791205	0.00010983536708355569
0.161287	-0.00021694933963918594	0.00016786839265020082	0.0002743115258621862
0.161347	9.180517953354318e-05	0.00014410775176038117	0.0001708661321228339
0.161407	-2.8568222939876983e-05	-0.0002184309400088276	0.00022029121388535347
0.161467	-0.00034471254367914625	1.7771827137632343e-05	0.00034517035737380053
0.161527	7.934881441707412e-05	-0.00024086066626311686	0.0002535943510847744
0.161587	0.0002920909939775555	-7.198206881846124e-05	0.0003008297973841389
0.161647	0.00029992217655868124	-7.88858498414167e-05	0.0003101230228423864
0.161707	-2.5165970641022338e-05	0.00019857409936918093	0.0002001624315864147
0.161767	0.0001089878949796178	-0.0002335127144532175	0.00025769468186867593
0.161827	7.092531364176599e-05	-6.843388695762964e-05	9.855758215029684e-05
0.161887	-3.5688607995175196e-05	-0.00012624477770529412	0.0001311923040368314
0.161947	-0.00011865587045241792	8.42235951254926e-05	0.00014550886422717992
0.162007	8.103128748803608e-05	-9.042056062308454e-06	8.153421569992981e-05
0.162067	4.015387350897821e-05	-0.00017253888409566345	0.00017714965448103987
0.162127	-1.8080397797398933e-06	2.639251616329387e-05	2.6454374255968523e-05
0.162187	-8.276915139119066e-05	0.0002940712180193806	0.00030549732190220574
0.162247	0.00013522903395302694	0.00047304277966019287	0.0004919922387726362
0.162307	0.00011969771810062813	-0.00020122099329394964	0.0002341312278631391
0.162367	-5.406626460078362e-05	0.00016470272925816964	0.00017334979086509414
0.162427	-0.00028433275491207544	-0.00026516906110004646	0.00038879267801820874
0.162487	-0.00035599676592152035	0.00024018795212438698	0.0004294460963756552
0.162547	-4.138229791918195e-05	0.00021621201200983664	0.00022013661376157686
0.162607	-9.528312812714022e-05	-0.00017599817721067402	0.00020013553629271547
0.162667	0.00011333630319574885	5.5497936236200234e-05	0.00012619484358941161
0.162727	5.899581878074595e-05	-0.0003200608137628221	0.0003254526557583
0.162787	-1.6529815616504785e-05	4.377390535187614e-05	4.679091358448407e-05
0.162847	-5.24890775354765e-05	-2.5440444083944233e-06	5.255069383440286e-05
0.162907	0.00031422204744352585	-0.00012786524907920595	0.0003392418267573867
0.162967	-0.0003405871882688251	-0.00021069922897991617	0.00040049194486980045
0.163027	-0.00022707306237519515	0.00010763888027184573	0.0002512932633450925
0.163087	-5.670859562072959e-06	-9.646229433928275e-05	9.662884081562386e-05
0.163147	-0.00016761915954480525	-9.15031809006004e-05	0.00019096862245257697
0.163207	-0.00011145273649218597	-0.00031457051537794726	0.00033373091198860195
0.163267	0.0001993908335128223	7.344206751991299e-05	0.00021248633313824557
0.163327	-0.00024114216940350247	-1.9538022300219937e-05	0.0002419323876210694
0.163387	0.00031775438605089953	-0.0001589469129276097	0.0003552913888399228
0.163447	6.089112938791631e-05	0.0001167912408207388	0.00013171151646907634
0.163507	-0.00031449987629736777	0.00017818903541437023	0.00036147130526912273
0.163567	0.0005361539138668849	0.00011097411772467621	0.0005475182865983102
0.163627	-5.247890742868614e-05	-0.00011771603868119783	0.000128884062194291
0.163687	0.00010456130969611964	0.00026688948726731935	0.00028664100526473957
0.163747	-0.00013658711620786432	0.0001996387311715743	0.00024189184214804918
0.163807	-0.00013720794505784996	-0.0001306043427428572	0.0001894294447288797
0.163867	0.0001167826519350483	-0.00013410108038383118	0.00017782375418681664
0.163927	0.0002174948329514299	0.00020951740653818345	0.0003019959370638235
0.163987	-3.089208925772106e-05	-3.5893781773775534e-05	4.7356992606482365e-05
0.164047	0.0002717803970619479	2.7220453633853504e-05	0.000273140142277152
0.164107	-0.000189685594437539	-0.00011751074396231827	0.00022313538420362658
0.164167	-8.046472941825695e-05	-0.00010711260437441929	0.00013396896168972936
0.164227	-0.0002012562810891702	0.0002624122770622386	0.00033070272728060796
0.164287	4.7354974236172185e-05	7.228063034055976e-05	8.641170700395393e-05
0.164347	-0.0001315399966660038	-0.0001013058832320066	0.00016602907185282116
0.164407	-7.371477133040198e-06	-6.321324879668587e-06	9.710706635320193e-06
0.164467	0.00027915811122991834	-7.526771726563153e-05	0.0002891271006457791
0.164527	0.00026774928256861034	-0.0001911806394135625	0.00032899804741454646
0.164587	3.480374251834065e-05	0.00022703562043589458	0.0002296877738147909
0.164647	-7.717285407299025e-06	-7.871657532462913e-05	7.909396768967734e-05
0.164707	-8.032256355545593e-05	-0.0001036342320031667	0.00013111738351189912
0.164767	-0.000120447422981346	-0.00017671365394934525	0.0002138581239863855
0.164827	8.801065622088912e-07	-0.0002784932868844396	0.0002784946775564295
0.164887	-0.00020866463994351502	0.00012429499535936337	0.0002428789365798132
0.164947	-0.0002609911271219651	5.2070002443654214e-05	0.0002661346531191981
0.165007	0.0001812772201999585	-0.00016687179568081976	0.0002463891774351412
0.165067	2.910390164026787e-05	0.00014096537066541468	0.000143938434122107
0.165127	-4.6140191569238556e-05	-0.0005122601364596375	0.0005143339038831608
0.165187	0.0002348373019537078	5.911883221320256e-05	0.0002421643960435756
0.165247	-0.0005633981250302261	-3.6563737771478955e-05	0.0005645833456695262
0.165307	-0.00021287567027476913	-0.00041420302032477076	0.00046570397576260254
0.165367	-0.0001297785181441955	0.0005911496717317874	0.0006052275589894295
0.165427	-0.00013342465062699194	-0.00011814877130049977	0.00017821691713962697
0.165487	-0.0003368631524927393	0.00011082580013950822	0.0003546253536958529
0.165547	1.004827792857742e-05	-1.80527343315754e-05	2.0660810878965454e-05
0.165607	-0.0003168408742658599	0.00023343715685095114	0.000393549292724825
0.165667	0.00017518792950577003	-5.572301278708092e-05	0.00018383651649927398
0.165727	0.00012937528289695043	-0.0005805861940834762	0.0005948262709270681
0.165787	-1.5544830752013966e-05	3.932408382664809e-05	4.228504856227559e-05
0.165847	0.0001766030914241614	-0.00016012372203544654	0.0002383867828950583
0.165907	-0.000196742699253606	0.0001347634020729953	0.0002384719359754574
0.165967	-0.0001400858919802199	-0.00018580406514949672	0.00023269552586582378
0.166027	-0.00026527725760879103	-0.00022961464026881182	0.00035084883700849963
0.166087	-0.00017314165893523464	5.5748715156206263e-05	0.0001818954460683745
0.166147	0.00029134506263371585	3.34332625893644e-05	0.0002932571031849241
0.166207	4.075459354948408e-05	-9.709528576762842e-05	0.00010530162113510445
0.166267	0.00013558523185049426	-0.0001163943847542259	0.00017869249536079306
0.166327	8.778406913823549e-06	-0.00025474006320326786	0.000254891271385957
0.166387	0.00011093128027609499	-0.00020144747691244405	0.0002299713784323676
0.166447	-6.898596054742948e-05	0.0003140780258411895	0.00032156503085526946
0.166507	-0.000272198925822455	9.771159834948838e-05	0.000289205483473101
0.166567	-0.0002517323795357114	-9.115251054815158e-05	0.00026772741937639173
0.166627	0.0002629621130295599	-3.6535076716447405e-06	0.0002629874921118451
0.166687	0.00017356598602037893	5.8777764341059435e-05	0.0001832484026783303
0.166747	-0.00033797680612284776	-0.00014611641408246234	0.0003682096249982048
0.166807	-0.00047234486602488606	9.107790517194377e-05	0.0004810455875180409
0.166867	0.0004770670901768201	0.0002399788289387992	0.0005340251369257965
0.166927	-0.0004929086505360887	0.00036455040673605743	0.0006130709068490634
0.166987	0.00019167559544485668	-0.000553142492641932	0.0005854110957739613
0.167047	7.75617622723576e-05	0.00014613969432012827	0.00016544678063587167
0.167107	-0.00011579208966391921	0.0001680252271741247	0.00020405951336718736
0.167167	-3.277059015339748e-05	6.610032966535763e-05	7.377780940683256e-05
0.167227	0.00038321418710813383	9.101759517487042e-05	0.00039387474637549993
0.167287	-0.00011845836211849732	0.00021411199969087683	0.00024469640775340995
0.167347	-2.3998392238847416e-05	-0.00042873738061060277	0.00042940850522886763
0.167407	-0.000288123139175906	-0.00015625272406551567	0.0003277649418508219
0.167467	-1.3349601632827606e-05	8.475528486954016e-05	8.580017585688328e-05
0.167527	-0.00016146168100083028	0.00024923311601084776	0.0002969629952504025
0.167587	-7.132829168472183e-06	-0.00010469625902660448	0.00010493895323526182
0.167647	-9.046090274843826e-05	1.616404592633272e-05	9.189369568567257e-05
0.167707	7.139908419645443e-06	-0.00016807019450951048	0.00016822178388872712
0.167767	-0.00010426436251415128	0.00015136809128378558	0.00018380249277248335
0.167827	-0.000282829919532108	-0.00013172463119746197	0.00031200022731826024
0.167887	4.409696042864598e-05	-0.00019539214451953397	0.00020030634552851295
0.167947	-0.00011492050453042982	-0.0003743350198198226	0.0003915781268470387
0.168007	-0.0003364486880854595	0.00023931833965912028	0.00041288132364109773
0.168067	7.238462535068288e-05	7.478755523413893e-05	0.00010408031708761317
0.168127	0.0001465019479236089	-0.0003769217988846607	0.00040439196730382817
0.168187	5.8878037981370925e-06	0.000685660596184188	0.0006856858751594796
0.168247	-3.4683443713523856e-05	0.00019040454273456912	0.00019353767375317277
0.168307	-1.5987952795151012e-05	0.00020336156786086753	0.00020398907303434223
0.168367	-0.00028424238281902136	0.0003666553143831056	0.00046392871408871547
0.168427	0.00020812939438809807	-5.2942698790992893e-05	0.00021475747754998024
0.168487	-0.00035596845814485877	0.00015234234644039224	0.00038719728009503445
0.168547	0.00016065439210236225	7.459233452756618e-05	0.00017712664980756537
0.168607	-0.0001131751936957374	-0.00027131168571109223	0.00029397050068240207
0.168667	-5.3865880960831547e-05	-2.2767284688069228e-05	5.847976046252298e-05
0.168727	-0.00017866134615012196	-0.00025376159411654245	0.00031034629570327163
0.168787	-0.00014211206684429476	0.00010164141497295331	0.00017471925131610827
0.168847	5.586136236934846e-05	0.00020920271667659203	0.00021653237280052628
0.168907	9.44589290599172e-05	-0.00026786703491128434	0.00028403386712029554
0.168967	0.0002918610557407478	-0.0002846172574116816	0.0004076639045520848
0.169027	0.0003684831324133176	-1.1708846606373578e-05	0.0003686691144671359
0.169087	-0.00017644235753758473	0.000186088763027444	0.0002564389464541318
0.169147	0.000423580689168314	0.00016945599776251199	0.0004562191747548456
0.169207	-0.000153386610218782	0.00024524430689288387	0.0002892615118846259
0.169267	-5.006861873816123e-05	-0.00024822163466314313	0.0002532209440334473
0.169327	2.105505126306761e-05	-0.00023026403629178868	0.0002312246561097596
0.169387	0.00039493436456283445	-6.180312411828023e-05	0.00039974088915625003
0.169447	3.416886448164769e-05	-3.5971692565353114e-05	4.9613243856670826e-05
0.169507	-1.2005870294807253e-05	0.0002234223112679882	0.0002237446537771697
0.169567	0.00010215032796053689	0.0003778970670188277	0.0003914599376230952
0.169627	0.0005066680692639303	0.0001808661130843074	0.000537982419112246
0.169687	-0.00011670272860877989	-5.715923874815659e-05	0.00012994885701306995
0.169747	0.00014108063327534695	-1.3676473339325806e-06	0.00014108726216282937
0.169807	-0.0001046043017748553	8.750688939855209e-05	0.0001363800412157711
0.169867	-6.104546031929537e-05	3.4459115067216284e-05	7.009977772297369e-05
0.169927	-0.0001259182043743107	0.0002268534546914295	0.00025945690219820154
0.169987	5.3038180859608536e-05	-0.00020240520461059814	0.0002092388957205487
0.170047	0.0002295407067873985	0.00017573228469660177	0.00028908609782752606
0.170107	-0.00024733596448881775	-0.0004054139054968454	0.0004749057949739283
0.170167	0.00015387915273092493	0.0001760951102047311	0.00023385525754877464
0.170227	-1.6660236391525264e-05	-0.00011431575441321964	0.0001155233966938518
0.170287	-7.156852400660317e-05	3.575735068271299e-05	8.00040108765195e-05
0.170347	0.0005353267197754856	5.6529275485770955e-05	0.0005383031264004765
0.170407	0.0001770762958813026	-0.00016221185726853518	0.00024014308485057457
0.170467	-7.083333486179814e-05	4.031408680845697e-05	8.15020669850982e-05
0.170527	9.416820477658997e-05	-0.00016100836658009132	0.00018652438151521867
0.170587	-0.0003394036431692517	0.00012267729100937439	0.0003608940990456334
0.170647	-0.0001424032253312396	0.00010359806452328506	0.0001761000782444759
0.170707	-0.0003117112194340255	6.525783842029542e-06	0.00031177952173900084
0.170767	1.13695782455978e-05	6.294070470063399e-05	6.395935910947812e-05
0.170827	-0.00010041755533359477	0.00012477341373869723	0.00016016269913804427
0.170887	-0.0003183722562880865	-4.8929784948715935e-05	0.0003221102566344242
0.170947	-0.0001545849879878734	-4.7084936351211043e-07	0.00015458570506464718
0.171007	-0.0001588281078045764	-9.450106748074543e-05	0.00018481563674046237
0.171067	0.00031589532252658824	-6.831040716296818e-05	0.00032319679225039917
0.171127	0.00012574797035899417	0.0002645331787221971	0.0002928999055893947
0.171187	-0.00011745053367504114	-9.359584860178831e-05	0.00015018259132150056
0.171247	-7.464737332302815e-05	0.00015647053074770346	0.00017336452156221455
0.171307	0.0002108504419252408	-0.00021449101313180546	0.0003007728438113682
0.171367	0.00015441200185288987	0.00013385342666226356	0.0002043521620767611
0.171427	0.00012600680022992365	-0.00023349223330252592	0.0002653230798795783
0.171487	0.00037428368033261717	2.042100750526171e-05	0.0003748403538986414
0.171547	-0.00012498227242167578	0.00011276253202599062	0.00016833287572128784
0.171607	-0.00013689349367447366	7.957682605101588e-05	0.0001583423501617833
0.171667	-4.715607987340113e-05	-0.00021485690694633688	0.00021997087609857232
0.171727	0.00017438921258041958	-0.000383557691686651	0.0004213408362791468
0.171787	-0.00019008911628111828	8.757918390197549e-05	0.00020929401707041833
0.171847	0.00023120556446693552	-0.0003000474153103222	0.0003787934324600669
0.171907	-9.001811682786343e-05	1.53129113974188e-05	9.13112622445888e-05
0.171967	0.0002740464602635946	-0.00016861366869399478	0.000321763937776523
0.172027	0.00020471585062280985	-8.036470678230725e-05	0.00021992513633604236
0.172087	-0.00034309958828879965	0.0003301454549796851	0.00047614425222582195
0.172147	-0.00022506551726219257	0.00011525758419471152	0.0002528612223629778
0.172207	5.98906123055357e-05	-2.003159659502748e-05	6.315180365181901e-05
0.172267	-0.0002322463778406512	0.00013503672636620042	0.0002686508840257233
0.172327	0.00020467971680516927	-0.00023724010160014155	0.000313331537319003
0.172387	0.00023470920359236274	0.00032039090646011274	0.0003971633709108808
0.172447	-0.00014619330148808493	7.433517060928028e-05	0.00016400670409924377
0.172507	-5.62190748733591e-05	-5.411591744615587e-05	7.803279375144474e-05
0.172567	-4.167991019253578e-05	0.000231222152193485	0.00023494871478398215
0.172627	0.00027305633651607215	0.00038406949493550443	0.0004712421244451645
0.172687	0.00015985152281750568	0.00013199737457507155	0.00020730609311302763
0.172747	-0.00020270919693799258	-5.807624246056098e-05	0.00021086457374718903
0.172807	0.0001290378998613919	6.874260022203959e-06	0.00012922087699552062
0.172867	-0.00016316452486324733	0.00010625596558624444	0.00019471258920910692
0.172927	-0.0004191839234398989	-0.00036574875907757705	0.0005563158423389132
0.172987	-0.00036998782246249796	0.0001292277156578426	0.0003919066103865628
0.173047	-3.651792743795325e-05	-9.304515478139709e-05	9.99547890431357e-05
0.173107	-3.0795271170752444e-05	8.48192213407704e-05	9.023662801398762e-05
0.173167	-0.00033641883926593984	-0.00022287869768860313	0.00040354993408054225
0.173227	-7.35187073674103e-05	5.224531781343349e-06	7.370411159025781e-05
0.173287	2.5756422023559337e-05	-1.1830299807762594e-05	2.8343416678255995e-05
0.173347	0.00020777074449111448	0.0002361983556821566	0.0003145764541305444
0.173407	-2.008741306062413e-05	0.00013141060728149288	0.00013293702219306284
0.173467	-7.965553546597768e-05	-9.25366871961324e-05	0.00012209849633638606
0.173527	-0.0001437958000378433	-6.715622522664595e-06	0.0001439525327821304
0.173587	6.2694495044975e-05	7.70283672029128e-06	6.316591962826049e-05
0.173647	1.175208736892418e-05	0.0001167937510339777	0.00011738352455993811
0.173707	-7.224936586473634e-05	-0.0005325646733242824	0.0005374431152604489
0.173767	0.00014144778636427857	7.655574637341543e-06	0.00014165480609701353
0.173827	0.0001431072875200413	2.426862877338097e-05	0.00014515048082553477
0.173887	8.5989786002676e-05	0.00021343785259187164	0.00023010858353354736
0.173947	-8.343656201832307e-05	-0.0002543744846955178	0.0002677088686344696
0.174007	-9.831894233366684e-06	-0.00014874758573764214	0.00014907216509795954
0.174067	0.00022715492859747924	5.0237751896932534e-05	0.00023264391954612448
0.174127	-9.91695883826655e-05	0.00023171935394413303	0.0002520485394765733
0.174187	-0.00031306282934902806	-8.73682116086502e-06	0.00031318471732192743
0.174247	0.0001062025063465113	0.00043842620668201103	0.0004511058756654121
0.174307	-9.008694670615221e-05	6.386317534064707e-05	0.0001104271847482645
0.174367	0.0002572102907489272	0.0005007274782843454	0.0005629255200967063
0.174427	-0.00012305589472517858	0.00014713660855512935	0.0001918122384096479
0.174487	-4.934586283968218e-05	9.071564335682802e-05	0.00010326830166627096
0.174547	1.632352960069926e-05	-0.00018065287536149093	0.00018138886127598707
0.174607	1.4169416720800438e-05	-2.3398010670231817e-05	2.7353962665982804e-05
0.174667	0.00018021324650388835	0.00018831904705155563	0.00026065470971742917
0.174727	-0.0001933939141009913	0.00016063947734232253	0.000251408527484881
0.174787	0.0003449623253009466	4.7279799544329174e-05	0.00034818728483674996
0.174847	-8.65412040502147e-05	0.0001262780439950453	0.00015308665648473577
0.174907	-0.00032344839297158577	-4.580280950815233e-05	0.00032667531323125946
0.174967	9.034274747917717e-05	0.0002237620869821184	0.00024131159025765733
0.175027	7.049161601673063e-06	-9.358246819284143e-05	9.384758405175212e-05
0.175087	-0.0001528734748448784	2.7787666518508683e-05	0.00015537842102972832
0.175147	-8.268495388341851e-05	1.5853876542067634e-05	8.419113373814471e-05
0.175207	0.0002911322284208655	6.101803404213865e-06	0.00029119616486156317
0.175267	0.00038717483037723545	2.4008602793567683e-05	0.00038791849954048386
0.175327	0.0003141630430663774	-0.00021233975046002174	0.0003791920189747548
0.175387	0.0003825208191780375	-3.3748216395234525e-06	0.0003825357062101987
0.175447	-0.00018108251319422575	3.4734262310267674e-05	0.00018438369115237775
0.175507	-0.00015810905094778183	8.456666121070226e-05	0.00017930418896371038
0.175567	7.586732052573472e-06	0.00021371203735908012	0.00021384665864915075
0.175627	0.0002725703458620833	-8.377026856393316e-05	0.00028515268074954023
0.175687	-8.927841715885242e-06	7.111477898546741e-05	7.167299455063796e-05
0.175747	-0.00031653222756124286	0.00018476968211973975	0.00036651396496656456
0.175807	1.418687542251054e-05	-0.0003307814720997284	0.00033108556253439564
0.175867	0.00017749780894345832	-6.348333052681347e-05	0.00018850890014666436
0.175927	-0.0003505352276330474	-1.2698058736898726e-05	0.000350765144373608
0.175987	-0.00022114102425805303	-0.0001434154412515643	0.0002635741667904533
0.176047	-3.682507784413027e-05	-0.00011759948183125309	0.00012323037160215608
0.176107	-0.00028660539545706694	-8.321635572937266e-05	0.0002984419785586123
0.176167	-6.870986985074185e-05	-0.00023022130708263565	0.00024025589784590744
0.176227	0.0007397641492859978	-4.862380976447165e-05	0.0007413604193945395
0.176287	3.7510601924774345e-05	-0.00010877553154112926	0.00011506155534675381
0.176347	-0.00026320599837236695	-7.831864709178593e-05	0.0002746110122727822
0.176407	-9.828160044485934e-05	-0.00021530646695725012	0.00023667730710741241
0.176467	-8.983622483487537e-05	0.00020659370818912497	0.00022528095249247238
0.176527	4.241001371282555e-05	0.0003216445463330615	0.0003244284565954766
0.176587	0.00014990198744225147	-1.2150308020835154e-05	0.0001503936030027145
0.176647	-5.138738626851491e-05	-0.00012924053563833648	0.00013908191658009922
0.176707	1.7549170160946976e-05	-0.0002575782659356044	0.00025817539862607125
0.176767	0.00010169526883991778	0.00016123815484684424	0.00019062966789783293
0.176827	4.119227289567087e-05	0.00041889566098169816	0.00042091611769520684
0.176887	-9.996600908694464e-05	0.0002402757580055539	0.0002602415087143375
0.176947	-8.055523165365317e-05	-0.00045841985471101215	0.0004654437759171769
0.177007	0.00019774677492674696	9.512142938675026e-05	0.00021943535112307688
0.177067	0.00014091863747335706	0.00011061539935989988	0.000179147506158745
0.177127	0.00011267194279936949	-0.00017501151355709248	0.00020814417256250235
0.177187	4.824761796971133e-06	-0.0002405583869101853	0.0002406067659880493
0.177247	-5.2599405406028195e-05	0.0001173661513380598	0.00012861380535920733
0.177307	-0.0002917883608730347	-0.0003219732767901579	0.00043451954905155185
0.177367	-6.027625802049466e-05	-7.908520072633073e-05	9.94368958429278e-05
0.177427	6.427350069408213e-05	-0.00023777857479092377	0.000246312268312147
0.177487	9.959833994533282e-05	-0.0001347093193942209	0.0001675303854574456
0.177547	7.92048552463782e-07	0.00020883041322501182	0.00020883191525396364
0.177607	0.00042345544099987604	-0.0002536121846791308	0.000493592595902857
0.177667	0.000308598511737918	0.0002874400179958311	0.00042172835497782406
0.177727	3.013101464036222e-05	-0.00022253335338368502	0.00022456395839814936
0.177787	-0.00018205043585326798	-0.00013567209830113393	0.00022704466400203592
0.177847	-7.711369162489553e-05	2.964828691448532e-05	8.261684061366136e-05
0.177907	-9.321531931739629e-05	-0.00034947089189326367	0.00036168909305661585
0.177967	-0.0003619754317689182	0.0004927719786560393	0.0006114331003085152
0.178027	-0.00018603504648757153	-0.0001038612937352649	0.000213063856291948
0.178087	0.00011761106395509127	0.00012204518695242036	0.00016949156327941461
0.178147	-0.0002165474659573445	0.0003948436925518295	0.00045032693297260263
0.178207	-3.313421891239686e-05	-7.59003510279884e-05	8.281750871105999e-05
0.178267	-0.0003550946550780729	-0.0001588612572467244	0.000389010428033781
0.178327	0.0001443695101784438	-0.00010609118198990519	0.00017915885232156118
0.178387	-0.00021499890055911398	5.3339623149381555e-05	0.00022151668704489472
0.178447	-0.0002550870355457981	9.265677527586326e-05	0.00027139394559950135
0.178507	0.0004825112758473202	0.0002078418966554704	0.0005253716639914566
0.178567	6.641431401510627e-05	1.2103427748632456e-06	6.642534181868999e-05
0.178627	0.00011463127760906686	-1.9885653769358152e-06	0.0001146485246243723
0.178687	3.219595548299627e-05	-0.00033105278460586013	0.0003326146805911566
0.178747	8.709660618868122e-05	-0.00011148202374513669	0.00014147105862294748
0.178807	0.00016686911053208974	0.00012227875509748668	0.00020687531026674475
0.178867	1.036407580221788e-05	0.0002565885285265655	0.00025679775512777017
0.178927	-9.324784193025159e-05	-6.373090119802007e-05	0.00011294595075593008
0.178987	2.254413712054599e-05	7.290015669621724e-05	7.630642807026814e-05
0.179047	-0.00018035015092481203	-9.012868797349581e-05	0.00020161685776349717
0.179107	7.634592075407398e-05	2.7413844457355798e-05	8.111854586788055e-05
0.179167	-0.00010500545255375673	-7.240657821480985e-05	0.00012754943212259565
0.179227	0.00025120076534700526	5.537931734203954e-05	0.0002572327609387877
0.179287	0.00011910868299885143	-0.0001798688604453712	0.00021573058504448855
0.179347	-7.930254811110882e-05	-1.1159101743033038e-05	8.00838291331408e-05
0.179407	-0.0001223192299888433	-0.0003402200576040213	0.0003615407053447054
0.179467	-2.78160572858781e-05	-4.717115922827682e-06	2.821319240285733e-05
0.179527	-0.00013441276266128508	6.921845220396968e-05	0.00015118857394575883
0.179587	-7.804333493350809e-05	0.00019546081302969316	0.00021046541653623854
0.179647	-0.00010904452443482977	-0.0001500780034707404	0.00018551041866963092
0.179707	-2.0056400111523305e-05	0.00015823914043137612	0.00015950512452549693
0.179767	8.421796222990274e-05	-9.649968121380574e-05	0.00012808143361363292
0.179827	5.1254089469082704e-05	-9.621976259437703e-05	0.00010901937626414404
0.179887	-5.999607015491335e-06	-0.00011567093366502021	0.00011582642263006243
0.179947	-0.00014350245623817207	-0.0002626869305132467	0.0002993282118492338
0.180007	7.900937440813018e-05	-0.0001806097721875711	0.000197135412988155
0.180067	-9.318932292733992e-05	0.00016016034445761387	0.0001852986396184213
0.180127	0.00017283104365743062	-0.0005178939690124567	0.000545971366274086
0.180187	7.892094184344123e-05	2.3327881807920265e-05	8.229644664929422e-05
0.180247	0.00016958229141506807	-0.0001840303406865989	0.00025025051419489774
0.180307	0.00018128399290568884	1.0896611532488696e-05	0.00018161118420053268
0.180367	8.854696279325497e-06	-0.00012110294099213018	0.00012142622436336587
0.180427	-0.00026188782102687044	-9.336084695590079e-05	0.0002780314344575542
0.180487	-0.0002928238140792815	-0.00011530834767114882	0.00031470907380402646
0.180547	-7.01450123194918e-05	-1.4781630204930619e-05	7.168555883033188e-05
0.180607	-3.312527795554349e-05	2.4398251796677685e-06	3.321500845309777e-05
0.180667	0.00013779021050564898	1.4325578982779901e-05	0.00013853289979056573
0.180727	3.0039632962672972e-05	2.0180327276499805e-05	3.618874351948062e-05
0.180787	0.0002918671109782946	0.00033028139086973077	0.0004407632103813339
0.180847	-0.00011635209806652274	0.00026901854758238644	0.00029310201239128066
0.180907	-0.0002359907231904305	-7.629800323641158e-06	0.00023611403025851943
0.180967	-0.0003199182351575761	8.009480269916e-05	0.00032979213848385706
0.181027	8.139135736795778e-05	-0.00010978638854296119	0.00013666603149102067
0.181087	0.0001362884474854964	-0.00014143494569283043	0.00019641381005708534
0.181147	-4.566305957953422e-05	0.00017780201858724285	0.00018357198267672097
0.181207	-5.4510154389488056e-05	-0.00011575561682115563	0.00012794811353518282
0.181267	4.5207381137068144e-05	-0.00011241573532550029	0.00012116519656256527
0.181327	3.228032694692633e-06	-0.00024225423299917287	0.00024227573877938242
0.181387	-0.00027143787292620443	-0.0002017150937915083	0.00033818263988859526
0.181447	0.0002092432518208377	-0.00014704005691600379	0.00025574111278873433
0.181507	-3.893120117019863e-05	4.3761174058989054e-05	5.857199654763027e-05
0.181567	0.0001399083211217441	-0.00023834818039003322	0.00027637690463268614
0.181627	-3.316081659621225e-05	-6.0578258311262945e-05	6.90605903345296e-05
0.181687	7.257842634592282e-05	6.952080888911382e-05	0.00010050259120762624
0.181747	-0.00036561635632490397	-0.00021557669711758196	0.00042443919747406085
0.181807	-0.00019102824126148972	-0.00023732108461739257	0.00030465240219540945
0.181867	-0.00019418614590013315	0.00018610455870006007	0.00026896684931138244
0.181927	2.2946638862972066e-05	0.00016778032599548898	0.00016934221572384193
0.181987	-0.00017633590493252457	-0.00017851389617305887	0.0002509214269353217
0.182047	-0.0002823631824043719	8.263775172754592e-05	0.0002942073499899486
0.182107	1.4644461442528872e-05	3.2430689873166425e-05	3.558384319591146e-05
0.182167	-0.000167943324558778	0.0001995876047478606	0.00026084511157551575
0.182227	8.960821752429931e-05	-4.804313688636871e-05	0.00010167485259278473
0.182287	-0.0002469119012153751	5.153239976797608e-05	0.00025223218507485845
0.182347	0.00035337013472142703	-7.834449158663355e-05	0.00036195070310058463
0.182407	7.113720602439303e-06	-0.000409417718315746	0.000409479514862076
0.182467	0.00023392180953867953	0.00018233316128068105	0.0002965885949939025
0.182527	0.00033628497631427797	-9.748818846711923e-05	0.00035013073584776167
0.182587	-4.589227915612557e-05	0.0003393286383965811	0.0003424179115090527
0.182647	-4.420211956996238e-05	-0.0001249856111807149	0.00013257160471493923
0.182707	-3.998685581792524e-05	0.00029707465205022494	0.0002997537281318879
0.182767	-0.00030713378750406626	4.3045815703333044e-05	0.00031013562464856926
0.182827	-0.0003790157807884132	-0.00018228028863838706	0.0004205699296344714
0.182887	-0.00010367056175977389	0.0002449117038523865	0.00026594986004784086
0.182947	0.00015333936876653858	0.0005071225364251806	0.0005297982908277726
0.183007	0.00010659519920086097	-0.00012351391808180406	0.000163150925380734
0.183067	-1.890724054346221e-05	-0.00027480138805323925	0.0002754510603010185
0.183127	0.00037717665491219507	-0.00010060173686580302	0.0003903625730922079
0.183187	0.00010677358532191499	4.251838077831924e-05	0.00011492785226613437
0.183247	3.224941493778862e-06	-0.00024133931167311264	0.00024136085765196082
0.183307	-2.3225224443721213e-05	0.0002850823818376282	0.0002860268789548921
0.183367	-0.00010952043601392972	-4.297353717523529e-05	0.0001176496952908617
0.183427	-8.107343668339162e-05	0.00015176329848613597	0.00017206103830631707
0.183487	0.0002575253785987553	0.00032244265877940303	0.00041266037951705854
0.183547	-0.0003665945061009095	-0.00033824592293045053	0.0004988003972356497
0.183607	3.5469190904249415e-06	-0.0001443113583370425	0.0001443549402691723
0.183667	0.00022517324338042837	1.81382246418967e-05	0.0002259026000904406
0.183727	0.0001487787033808388	4.320066448686433e-05	0.00015492385223647855
0.183787	8.155812918810972e-05	-6.774140910790215e-05	0.00010602182296390005
0.183847	0.000135543285933936	1.7510861253639302e-05	0.00013666972094656863
0.183907	0.00013117991645404372	0.000124026119975217	0.00018052880356607032
0.183967	-0.00022723100820261512	-0.00015328205914877315	0.00027409728336060706
0.184027	-4.605130859919377e-05	-0.00031500930803402097	0.0003183576403540064
0.184087	4.12884761266802e-06	-0.00023950811987289496	0.00023954370554798066
0.184147	-2.025991079398364e-05	-8.753487244911422e-05	8.984886131756412e-05
0.184207	-0.00010298715119481645	0.0002396996071505167	0.00026088743737354625
0.184267	-0.00025192436847054503	-4.965638419615308e-05	0.00025677157926982285
0.184327	-5.718581552065547e-05	8.718013263983227e-05	0.00010426213609868726
0.184387	-1.7675468808130008e-05	-2.0709348385329314e-05	2.722681230206942e-05
0.184447	-9.480875091996922e-05	0.00010622571947235025	0.00014238189045107953
0.184507	-0.00017353574561269387	4.670585548680888e-05	0.0001797111347193275
0.184567	-0.00027855160044430044	0.00023455962872161802	0.00036415547989300463
0.184627	0.00011161579574346019	-0.00011008789050652099	0.00015677190276201146
0.184687	0.00011129330405045137	0.00014837751554677112	0.00018547799504603914
0.184747	-0.00021527056357411881	-0.0001618927808394188	0.00026935234921834044
0.184807	0.00017954544882417797	0.0004553938103015068	0.0004895100516377577
0.184867	0.0002807249891070727	1.6911563929252627e-05	0.00028123392488051526
0.184927	7.85166972604128e-05	0.0004167461911713416	0.00042407812912776316
0.184987	0.00011319010001965557	0.00021758737982473684	0.0002452677447228924
0.185047	4.610436320739536e-05	0.00010698973384454851	0.00011650071010464597
0.185107	0.0002228657294211546	0.00011329154143397656	0.0002500082132869033
0.185167	-0.0003611573950917976	-0.00021783597451224376	0.0004217667315248936
0.185227	-9.064271308761282e-05	-0.0002657170451214218	0.0002807519358863675
0.185287	-3.306407665965782e-05	-0.0004308523539889172	0.0004321191781246777
0.185347	0.00012109365308356736	-0.00014158563395822831	0.00018630664121409299
0.185407	8.065327736506064e-05	0.00030863657200082257	0.00031900075975794216
0.185467	-0.000259686419615768	-0.00011998082500201833	0.00028606369028770794
0.185527	-0.00010913572760733014	-5.2427194309323803e-05	0.00012107525652885877
0.185587	-0.000297374060900627	-0.00014964868898024444	0.0003329054854009404
0.185647	-2.9849287284839125e-06	-8.024243422963536e-05	8.029793304071708e-05
0.185707	0.00034702095317523684	-0.0001183982067753491	0.0003666628932824649
0.185767	-6.206243064404092e-05	0.00021190915234569116	0.0002208104031637
0.185827	4.0031732588264164e-05	0.0002503582145616196	0.00025353850834242174
0.185887	0.00019191618000759497	0.0002258810307657098	0.0002964018559464281
0.185947	-7.479107829437554e-05	-0.0003227448729945454	0.0003312973867036996
0.186007	3.7329370755487646e-05	0.00041865169664456736	0.0004203126515159584
0.186067	0.00030316949079858027	-3.8070381221514446e-05	0.000305550477134993
0.186127	-7.444801864628942e-05	-0.0003508474391131672	0.00035865921570848536
0.186187	-9.913991396473645e-05	-0.0003521519127501584	0.0003658410750510808
0.186247	0.00022675236792133827	0.00011257593780836605	0.000253159985249184
0.186307	2.6702768495586228e-05	0.00032280995451451427	0.00032391249524986167
0.186367	7.449517621443697e-05	0.00014855605513373367	0.00016618794419607258
0.186427	-5.9498002054511446e-05	0.00012698498202630014	0.000140232656356137
0.186487	0.0004439001446669692	0.0001452552330623299	0.0004670614747197075
0.186547	-6.167802835383854e-05	3.8197881423702086e-05	7.254831029649219e-05
0.186607	-0.0004582083030844497	-0.0003708075816533006	0.0005894515345871111
0.186667	-0.0002244713275926908	0.00021145404338545817	0.0003083831859477496
0.186727	0.00018090675645646414	0.00010756585498837435	0.0002104701111582792
0.186787	0.0001873630701416872	0.0002578104839737425	0.00031870231517780684
0.186847	2.007011635059095e-05	-0.00014575891542736966	0.00014713419383980515
0.186907	-0.000386418867810954	0.00011615653087611223	0.0004034995428318014
0.186967	0.00024506800774383485	0.00023097446790999848	0.00033676034987189217
0.187027	0.0004098968941152543	8.975241093491797e-05	0.0004196081017735029
0.187087	-5.8726938669453844e-05	0.0001539331381877616	0.00016475516488965772
0.187147	-2.8435593484118554e-05	-0.0001912199198002582	0.0001933226337116563
0.187207	5.683064041232072e-05	4.342549739889101e-05	7.152269230122416e-05
0.187267	-0.00029487350315508305	-0.00044389664754619895	0.0005329114528378097
0.187327	-2.4683651397146598e-05	-7.244612237229133e-05	7.653576479709905e-05
0.187387	0.00026612196848239554	9.474459750865639e-05	0.0002824844081821551
0.187447	0.0002753065073588302	0.0001895540310075531	0.0003342520062248393
0.187507	-9.706038031717238e-05	-0.0002938650589425051	0.0003094792243343584
0.187567	-0.00011330031622759954	4.332672649133936e-05	0.000121301965712553
0.187627	-0.00011819427642210013	0.0003636429682726147	0.0003823690564795505
0.187687	0.0004299159385201534	-0.00021721633862058486	0.0004816748404861904
0.187747	-0.0001244286276124561	2.6733018713078738e-05	0.00012726797577958522
0.187807	-6.435189332372173e-05	0.0001961038857698555	0.000206392587532557
0.187867	-9.575170948217189e-05	0.00012348661353329607	0.00015626046713958033
0.187927	0.0002520405178910907	-0.0003580759536551825	0.000437884472486611
0.187987	-4.3600423181123664e-05	0.00014041644147378004	0.00014702984029690217
0.188047	0.0002595975244170206	0.0002060532599319084	0.00033143448917095545
0.188107	7.868979568750292e-06	0.00012987127260296244	0.0001301094473394088
0.188167	-7.000782410910634e-05	0.0002040059768237894	0.0002156838751884806
0.188227	-0.0003073545395434649	-0.0002301174457384953	0.00038395423140158864
0.188287	-0.00016912628040217004	-5.4461077144900764e-05	0.0001776786640158471
0.188347	4.211687193126092e-05	0.00012608178275614804	0.00013293023299551816
0.188407	-0.0001597771002620373	6.311620121234724e-05	0.0001717916663392687
0.188467	0.00011005489293521627	0.0001585135325030121	0.00019297310549805998
0.188527	2.4783276844476715e-05	7.899913272642694e-05	8.279537295451719e-05
0.188587	-0.000266884843289181	5.061530767797399e-05	0.00027164209715879213
0.188647	0.00025601594239090707	4.270697349214161e-05	0.000259553555828393
0.188707	0.00041463829922767817	2.1693376565556336e-05	0.00041520539709068887
0.188767	0.00011897942124402546	0.0004484457487732267	0.000463960873643827
0.188827	0.0005119019413925393	-7.681022516603922e-05	0.0005176325031250534
0.188887	2.5297378938711544e-05	-5.8533700968328064e-05	6.376638244575597e-05
0.188947	0.0006559445956198172	-0.0004662956038123349	0.0008047949444781296
0.189007	-0.0002342188956946433	-0.00011241795561728233	0.00025980047699260955
0.189067	-9.273903460651703e-05	-2.1459088627191183e-05	9.518939554623933e-05
0.189127	5.553099659596629e-05	-9.250627158311557e-05	0.00010789393803708508
0.189187	0.0002684573150671534	7.605813568665226e-05	0.0002790236011831151
0.189247	-9.759999908631693e-05	0.0001140441623915133	0.0001501060651580439
0.189307	0.00010115476681626165	-7.149466364981368e-05	0.00012386998740636192
0.189367	0.00037003875659491096	-6.108043374069599e-05	0.0003750459982032328
0.189427	0.0001132106520604028	-0.00026370689850083103	0.0002869808008506304
0.189487	6.67029061537124e-05	6.220489379485455e-05	9.120705291467375e-05
0.189547	0.00025030221159881366	-0.00025916497735104427	0.0003603022101189841
0.189607	0.00016635680048033286	-0.00014887904861568687	0.0002232477461986242
0.189667	1.1901816382880277e-05	6.35520437143446e-05	6.465690599991437e-05
0.189727	6.738646227983627e-05	-0.00039324223598948487	0.00039897417393184925
0.189787	-0.00016176593225266652	0.00028143342239081085	0.0003246120578108257
0.189847	1.2241846916089227e-05	-0.00015468762506430333	0.00015517127364287324
0.189907	-0.0003218569609238543	-0.00011153771501766377	0.0003406355312742654
0.189967	0.0002423562135467774	-1.3308063630090497e-05	0.00024272131921673816
0.190027	-0.00023873831680567317	0.0002751722663614041	0.0003643017431823206
0.190087	7.896792336528182e-06	0.00024699372298064956	0.0002471199274058005
0.190147	-6.671299981252083e-05	-7.342833913086738e-05	9.92085950485293e-05
0.190207	0.0002881492507586943	-0.0002741855057910132	0.0003977532932593653
0.190267	-0.0002399932106616679	0.0001740674421165697	0.00029647295925379276
0.190327	0.00011168274469449778	-0.00020365222076291906	0.00023226549998690098
0.190387	1.3557573935102962e-05	-0.0002636008703589865	0.0002639492880555297
0.190447	-0.00047101769100405726	1.7528282258320705e-05	0.00047134372374915624
0.190507	0.00023103825779418523	0.00014383204268166776	0.00027215130546545885
0.190567	-0.00028595400965302083	-8.093156565779715e-05	0.00029718616043897847
0.190627	0.00011276064416375052	-7.372349391649848e-05	0.00013472236795528778
0.190687	0.00011804636150122407	0.00019048341186395912	0.000224095679697339
0.190747	-1.2789605482535748e-05	-9.979431562630714e-05	0.00010061053344318336
0.190807	0.0004656977515736834	-8.523228382511102e-05	0.00047343313997525393
0.190867	-0.0002859968061733743	-0.0001959883123606728	0.0003467067806134678
0.190927	-6.0368549415140264e-05	-0.00030945463597454524	0.00031528801671586973
0.190987	0.00047704043532775103	0.00010227967282924052	0.0004878818590722007
0.191047	4.79912751548347e-05	-0.0002742990205010298	0.0002784656444497443
0.191107	-0.00014319802029287538	0.00011928886265023434	0.00018637463821074266
0.191167	7.659811073053215e-05	8.597999954225671e-05	0.00011515133906634924
0.191227	7.01927541022275e-05	-0.0003930355757608083	0.0003992542880697537
0.191287	-1.0508507389452625e-05	-0.0001577313057898318	0.0001580809715105509
0.191347	-0.0001416857925567417	0.00012582180000381718	0.00018948875736737685
0.191407	0.0002885895055950347	0.00014237136002407324	0.00032179730715885556
0.191467	0.00010744113531781795	3.1339368284581345e-05	0.0001119185130479238
0.191527	7.42135406704811e-06	-0.00038723393450997663	0.0003873050432569467
0.191587	-2.001727151443405e-05	-3.2471899121661694e-05	3.8145974773885987e-05
0.191647	-0.00034201936844947616	-2.928653088957864e-05	0.00034327095607715604
0.191707	-0.000300842014543287	3.101649278171063e-05	0.0003024366719479323
0.191767	-0.00010877900019778288	0.0001326121752535756	0.00017151926979063983
0.191827	0.0002621571085548748	-3.682298400846818e-05	0.0002647305832674803
0.191887	8.563556953551736e-05	-0.000163168666322544	0.0001842755123155275
0.191947	-0.00023433495219401607	-7.611451297547724e-05	0.0002463864625040627
0.192007	9.294965332932263e-05	-0.000299393597194438	0.00031349029346228034
0.192067	1.5938398363596554e-05	7.77792299317819e-05	7.939547311514489e-05
0.192127	0.0001439268743528583	0.0004823362587278962	0.0005033519759021589
0.192187	-0.00011914775207220146	1.3018228686150992e-05	0.00011985683585838445
0.192247	0.00023635650914258883	-0.0003686963428909368	0.0004379513588005201
0.192307	-0.0003973271319091113	-0.00046757826639117996	0.0006135945607259744
0.192367	-0.0001771916148131739	0.0005452610550943158	0.0005733293002827143
0.192427	-6.271152973453018e-06	-0.00010740970740514722	0.00010759262337389022
0.192487	3.201044132476544e-05	0.0001505600859127031	0.00015392533197575633
0.192547	-0.00011811983801875289	0.00020756843571751813	0.0002388241018821046
0.192607	0.00018786540831705986	-0.000110123543242127	0.00021776272963557432
0.192667	0.00013258948468282172	-1.781087192934144e-05	0.00013378041189703228
0.192727	0.00012012392330187436	0.00028349312961854084	0.00030789301955443777
0.192787	-0.00020722202789359595	3.531477645194402e-05	0.00021020966267083213
0.192847	0.0004102138722042846	-1.969682670806665e-07	0.0004102139194924172
0.192907	0.00014755533486562387	7.607238702319867e-05	0.00016601079758471652
0.192967	-0.00013536815606991228	3.219168855001977e-05	0.00013914324449814156
0.193027	-6.777713214177475e-05	0.00045151409908108413	0.0004565727995734817
0.193087	-0.000237717260077251	0.00011769281966809143	0.00026525665974685964
0.193147	-0.0001799828452608478	0.00012036612442586751	0.00021652212011130342
0.193207	-0.00013797173127546138	-0.0002697261392935087	0.00030296598629108416
0.193267	-0.00044633683561525465	3.207637623959903e-05	0.0004474879492675788
0.193327	-0.00010371051191155071	0.00048136456315492826	0.0004924101064583168
0.193387	0.00025430613596630965	-3.204414588232062e-05	0.0002563170655173834
0.193447	-0.0001389194968693915	0.00024238263384017135	0.0002793706638101851
0.193507	0.00021637479564976127	6.099678075117107e-05	0.00022480805024394118
0.193567	-2.327379639258814e-05	-2.7470086084468627e-05	3.6003822408346665e-05
0.193627	-4.8157700745034054e-05	-0.00013497430148478787	0.00014330815120695216
0.193687	0.00015310293230226768	0.0003192490783489158	0.0003540628219768138
0.193747	-3.49685304203254e-05	-0.00031079631787099137	0.00031275733296267174
0.193807	-8.249007015852561e-05	0.00021373415535643625	0.00022910019825545265
0.193867	-0.0001092395962862679	-0.000488516017866884	0.0005005808517205832
0.193927	-5.591229959619473e-05	1.334494421226221e-05	5.7482804230161114e-05
0.193987	0.0002967357963472806	0.00011268138691205518	0.00031741018854201746
0.194047	-0.0005646966729669421	0.00024409620574434516	0.0006151953268017559
0.194107	-0.0002233934504713622	0.0002529494730958234	0.0003374730650777268
0.194167	-8.028561417423294e-05	0.00030093889892136865	0.0003114642848342961
0.194227	0.00019033203821940668	0.00013602570919384835	0.00023394289545622686
0.194287	0.0003400886061711702	9.279329702000757e-05	0.00035252071714906723
0.194347	0.00037317762489891	-0.00017677264496958927	0.00041292869570270363
0.194407	-7.843661757719216e-05	0.00028543917744260647	0.0002960199773597425
0.194467	0.0002552666628377083	5.476939336378794e-06	0.0002553254120153234
0.194527	-0.00012204502795798433	-8.47006474928873e-05	0.00014855702115679196
0.194587	4.546524439252118e-05	-0.00018738728575560783	0.00019282396975097652
0.194647	-2.1769704240117273e-05	0.0003042967696441033	0.00030507448932767003
0.194707	0.00016093099408351588	4.421947833894817e-06	0.0001609917341957478
0.194767	-4.319872682945563e-05	-3.4364041628939606e-06	4.333519208745572e-05
0.194827	8.927916455806769e-07	2.105317148249486e-05	2.1072093071020577e-05
0.194887	1.75941956338519e-05	-0.00020495898096861454	0.0002057127599340769
0.194947	0.00015953641081600453	0.0002255905321375938	0.00027630228838389253
0.195007	0.0001176543388476466	2.1777119406933917e-05	0.00011965277422333635
0.195067	0.00015062344033434617	0.00015465929903742693	0.0002158863579684983
0.195127	0.00027548592346292414	-0.00021082795924331062	0.00034690189164217474
0.195187	0.00034567372725705195	8.400604649770686e-05	0.0003557349316049207
0.195247	-9.325086164428735e-05	-0.000266840500345725	0.0002826651301843913
0.195307	-0.00012301463457339254	-1.1084334247540057e-05	0.00012351300654156425
0.195367	-0.00031500841184013364	-0.00023754870039945637	0.0003945373044358593
0.195427	-0.000159879477015974	7.1072251692348e-05	0.0001749648882819688
0.195487	-0.0003747897455284597	-5.6426625121994884e-05	0.00037901361106950466
0.195547	3.9372727780338085e-05	-0.00011369129268371196	0.00012031592465238366
0.195607	9.91171363515145e-05	-0.00015557172848346454	0.00018446346365027827
0.195667	5.0457857995193944e-05	6.463627897925415e-05	8.199904873684285e-05
0.195727	-0.0005449545487534479	-0.00010033022203954332	0.0005541133581331334
0.195787	0.00010155300496487219	0.00015727756800704861	0.00018721443912157832
0.195847	-7.941967190610238e-05	0.0002826774009418982	0.00029362220162811194
0.195907	0.0001732432229820925	-9.966934033367827e-05	0.00019986793567697048
0.195967	0.00011869154821889426	-0.000193606507461933	0.0002270928518254276
0.196027	-6.962150940533496e-05	-0.0002787355401145258	0.00028729889643855854
0.196087	0.00016414538356999367	2.2859678804537678e-05	0.00016572951415600958
0.196147	-0.00025480324987326054	0.000152402800210686	0.00029690286232711454
0.196207	-0.0004855313865814936	-3.783223265683667e-05	0.0004870030853942804
0.196267	6.599055720677886e-05	-4.399300018979517e-05	7.93103883874015e-05
0.196327	-0.00017904206428608462	-0.00013654100167554987	0.0002251655078434194
0.196387	-0.0002637190692505052	-0.00013004971737771596	0.0002940419638017277
0.196447	-0.00019340011028389734	0.00023211432359770048	0.00030212689697715043
0.196507	-0.00029211687305239777	2.9018736473422082e-05	0.00029355468755995804
0.196567	-1.4350918994058366e-05	-0.0003139159364859166	0.00031424379716361
0.196627	0.0001611466266364707	7.855449900029618e-05	0.00017927365838154143
0.196687	0.00030463390524058205	-0.0003516289346215306	0.00046523620225128717
0.196747	7.924759988749174e-05	-0.00018851563876469445	0.0002044953010384071
0.196807	3.785378045801794e-05	0.0003786269864516369	0.00038051452477456347
0.196867	0.00024559343539771637	0.00012435713072325185	0.0002752831841434784
0.196927	0.000323640156758231	-0.00016972336837530513	0.0003654435289332017
0.196987	0.00036266075093981717	-0.00014966392257675663	0.0003923290837973824
0.197047	-1.4643713512851628e-06	-1.3447436770961312e-05	1.352693384191211e-05
0.197107	0.0001136525186655711	0.0001994618054420845	0.00022956895876673737
0.197167	-0.0003591663387525927	-0.0001589305653438989	0.0003927586835366896
0.197227	-0.00039010689224509046	-1.4049414272799388e-05	0.0003903597999519563
0.197287	0.00024047477008007898	0.0006979954893619575	0.0007382586391060422
0.197347	-0.0003139932490681018	-5.455965133898178e-05	0.00031869815815999667
0.197407	-0.00023269206542500897	5.428046933577802e-05	0.0002389392530813407
0.197467	-7.99046406164802e-05	0.000223618603030248	0.00023746585273097371
0.197527	0.00013539639358922315	-0.00022964195636811585	0.00026658509245931864
0.197587	-0.0002178894972337054	-2.4733387901975645e-05	0.0002192887901418276
0.197647	-5.198831669278153e-05	0.0006401383103383676	0.0006422459353202705
0.197707	0.0006344596960068648	-4.042808921959914e-05	0.0006357464402220992
0.197767	5.259036288254843e-06	8.739165843429534e-05	8.754975400638043e-05
0.197827	-0.00035446848005391874	-0.00023419395356599914	0.0004248466914530567
0.197887	-0.0005575398436620555	-0.0003010848978027015	0.0006336424803906163
0.197947	-0.00014170973674087936	0.00022767000197837403	0.00026817024310687824
0.198007	6.620539459717623e-05	0.0002162914758904125	0.00022619716359101566
0.198067	5.7807292275488667e-05	-0.00021469599400471525	0.00022234219770861423
0.198127	-0.0002336007757612077	-8.061819528879315e-06	0.00023373984549142292
0.198187	5.361406222184795e-05	-3.457431452743503e-05	6.379538300668936e-05
0.198247	0.00022354700504352334	-0.00018338795181277988	0.0002891442621495635
0.198307	-0.000303834614152819	2.4397600991772872e-05	0.00030481259109745804
0.198367	-1.2414017924351236e-05	-0.0001598722680825151	0.0001603535155301364
0.198427	-0.0003478949405005397	-0.00027050399453454484	0.00044068503569445056
0.198487	0.0003751691877751938	0.00011663156442913295	0.00039288018692355256
0.198547	0.00036498772005884967	0.00014377160893669523	0.00039228345788473317
0.198607	3.182209966995551e-05	-5.3250671636088074e-05	6.203450698682998e-05
0.198667	6.70710857583198e-05	-0.00011154953997071691	0.0001301607867695892
0.198727	-8.559577171228088e-05	2.88000649488163e-05	9.031101746784242e-05
0.198787	0.00017061743496799537	6.552632448047016e-05	0.00018276763475784762
0.198847	-0.00012807592162457495	0.00021186007897180584	0.00024756440528057356
0.198907	0.0006061304783999619	-9.833913380596381e-05	0.0006140559763434225
0.198967	0.0002568972091767076	-0.000404154099941905	0.0004788911281101712
0.199027	9.955948323069037e-05	0.00013091402558863954	0.00016447058337886773
0.199087	-0.000324082039057962	-0.00020206062174216546	0.0003819131614631746
0.199147	0.0002503378659655201	-0.00010740230967639415	0.00027240466820521774
0.199207	-0.00027050435553053706	-1.293886851723093e-05	0.0002708136272042036
0.199267	-5.247618300778924e-05	0.0002608819552607711	0.0002661073925387079
0.199327	9.890087591238806e-05	0.00016852594452688942	0.00019540311470116794
0.199387	-0.00020684536899231613	-0.00046050482705426186	0.0005048264081977517
0.199447	-0.0002134041044432223	-0.00021019314535205294	0.00029953709310568365
0.199507	-2.9197783188235468e-05	0.0001413782435002243	0.00014436176182880257
0.199567	-5.266261758574072e-06	0.0003486831005872915	0.0003487228672571919
0.199627	0.00043550091237772417	-8.66531256180783e-05	0.00044403807140966264
0.199687	-9.283585423655125e-05	-5.4315127439313426e-05	0.00010755756087127975
0.199747	8.605515568303342e-05	0.00022029639732718936	0.00023650791211917203
0.199807	-0.00010156309674785244	-0.000134821893754192	0.0001687957512986635
0.199867	-7.734358458606755e-06	-0.0001939697069574299	0.00019412384582507492
0.199927	-7.13096817818839e-05	6.966644741839576e-05	9.969194858028227e-05
0.199987	0.00011456661041567718	-8.506796520963718e-05	0.0001426957144662922
0.200047	0.0002054378876482559	0.00017814322758922494	0.0002719186187396586
0.200107	-1.6150128417360878e-07	0.0002814732059241813	0.00028147325225658896
0.200167	6.741052628359686e-05	-0.00011877416066265142	0.00013657042247481273
0.200227	2.013624201954835e-05	3.39118032625838e-05	3.943955683308338e-05
0.200287	0.0005215628025897562	-0.00016624977242202306	0.00054741825314439
0.200347	-0.0003599678158169505	0.00023984820417607288	0.0004325551866184396
0.200407	6.294326660923516e-05	1.6280798536706892e-05	6.501476149640246e-05
0.200467	5.6909580493076195e-05	8.92763222411351e-05	0.00010587238575190848
0.200527	-3.841778534775892e-05	0.00013042159424049143	0.00013596219502221146
0.200587	-1.672274747032658e-05	0.00013334288272208087	0.00013438740512261902
0.200647	0.00040823500616657534	-6.776084700904369e-05	0.0004138204352701868
0.200707	-4.155441293811476e-05	5.510710976362168e-06	4.191822002538226e-05
0.200767	-9.864626925337311e-05	-0.0003057773684710509	0.0003212956356794935
0.200827	-0.00016799135223321627	-0.00037070814763402943	0.00040699585396831485
0.200887	0.00020533940453555481	-0.0002800485782173504	0.0003472628359277388
0.200947	-0.0001499207447299405	-0.00012374418308638979	0.0001943935506854534
0.201007	-0.00010255919320654736	5.094637404980888e-05	0.00011451603005693548
0.201067	-5.581230386443132e-05	-9.136384136333463e-05	0.0001070624339874645
0.201127	6.325070078715379e-05	-0.00011352595679671082	0.0001299568929171312
0.201187	-0.00022128705334685056	-1.4297532235160393e-05	0.00022174845976228862
0.201247	0.0002244252359246337	-4.9397805980302005e-05	0.0002297973667288097
0.201307	7.409831562930924e-05	-6.238092976078259e-05	9.686041904163137e-05
0.201367	-0.00024528650811797624	0.0001800775578181087	0.0003042916329681845
0.201427	0.00014421169443060578	4.9907496845803684e-05	0.00015260331271620652
0.201487	-0.0002479077660059092	-0.0001091280278498227	0.0002708637792478579
0.201547	3.986661558321152e-05	-4.393398167786152e-05	5.93257261576311e-05
0.201607	0.0002035438637543201	-0.000600837078677763	0.0006343778839036443
0.201667	0.0001550197990910592	-0.00013309824267396535	0.00020431906497713357
0.201727	-0.0002652860699176369	9.089120079209662e-05	0.0002804245161781946
0.201787	7.187546039624717e-05	-1.9704071747208218e-05	7.452739261903387e-05
0.201847	0.0001519284561368888	-0.00018000263941723985	0.00023554873377140326
0.201907	0.0002560918375239617	0.00024382666901855236	0.0003536021405069289
0.201967	-0.0002501431366572174	-0.00047320866506938723	0.0005352551069475777
0.202027	0.00014471629938493164	0.0001405024549938973	0.00020170212484498347
0.202087	0.00023678684025433964	0.0001833451942661014	0.0002994719819584273
0.202147	-0.00020189496428818455	-8.953782699167804e-05	0.00022085877629679783
0.202207	0.00011469133753504335	6.846282810630985e-05	0.00013357118603161153
0.202267	0.0001594514154181221	-7.732984645393722e-05	0.0001772135971968067
0.202327	8.144274480314605e-05	-0.00014764396577237173	0.00016861690695201253
0.202387	-0.0003992940460111397	0.00028713713312901755	0.0004918164987081028
0.202447	0.0002507600323161447	-0.00010990303968540525	0.00027378690972960283
0.202507	0.0002400153958678907	-0.00028741315310829794	0.0003744512128879732
0.202567	-2.9122756965314564e-05	-6.864643678007169e-05	7.456854736322249e-05
0.202627	-0.00042379696193686474	-8.153974445621378e-05	0.0004315699188693543
0.202687	-0.00024208231379855788	8.83623340812796e-05	0.000257704770499801
0.202747	-3.8137334716279884e-05	-0.00040832286721399796	0.00041010001242272815
0.202807	0.00017002842392985695	8.200099867994492e-06	0.00017022604554508172
0.202867	-1.7556123133682035e-05	0.0003595263748243501	0.00035995476334370693
0.202927	-0.0002465168509120179	0.0004311940089229945	0.0004966878608489053
0.202987	-0.0005319826845070647	0.00014587687919252106	0.00055162092101215
0.203047	0.00016928544577663845	-0.00019686044102289077	0.0002596374306442009
0.203107	-2.9741728913878473e-05	0.000305564211405417	0.0003070082372357475
0.203167	-0.00014000717340411107	-8.609504776937044e-05	0.00016436047534312806
0.203227	5.1911090057629185e-05	-0.00016985318905996368	0.00017760874726434803
0.203287	-7.705830606054711e-05	-0.0003300066157107373	0.00033888397564029967
0.203347	-0.0002671692591722578	-0.00027983824462149567	0.0003868964411822537
0.203407	3.7378621798792624e-05	-0.0004000859266075465	0.00040182820960828056
0.203467	-0.00011971689121855012	4.482323645036878e-05	0.00012783292443232234
0.203527	0.0001461508911672425	-9.344532349911124e-05	0.00017347077988189456
0.203587	1.4673352924243608e-05	0.00014662715752230458	0.0001473595283960631
0.203647	1.4373541338217819e-05	-0.00018601347271693023	0.0001865679788249141
0.203707	0.00025872376995352334	-8.775931596791446e-06	0.00025887256732677415
0.203767	0.00015236677178780125	3.752188911496123e-05	0.0001569188494343218
0.203827	-3.214378306562937e-05	-0.0002913891530244196	0.00029315671796849356
0.203887	3.734394410991284e-05	-1.0168657029324666e-05	3.870363997693664e-05
0.203947	-0.0003167678837864363	-0.00020766516900574435	0.00037877000226617944
0.204007	0.00032636210561134364	-0.0001227934524140477	0.00034869823047275534
0.204067	0.00018502578990758326	0.0003938547824052992	0.00043515070096973384
0.204127	-0.0002678129882777547	-3.9063683101675176e-05	0.00027064694350339313
0.204187	-5.801765010762996e-05	-9.987962194735731e-05	0.00011550751752313957
0.204247	-0.0002481186789590859	4.837905540592849e-05	0.00025279124164094736
0.204307	-6.609744711668782e-05	0.000133794414712388	0.00014923075394694557
0.204367	0.00018591996136701772	8.269028540320023e-05	0.0002034795206765931
0.204427	-4.9771500030438044e-05	-0.00010057169239708461	0.00011221349084175975
0.204487	0.00015233346579934963	5.1426078119021375e-05	0.00016077974472285156
0.204547	0.00011039561083742017	-9.659152878775434e-05	0.00014668713074337058
0.204607	0.000360469213121064	-0.00010083622256209158	0.00037430735684556177
0.204667	-0.00014882105911880468	0.0002481008084184935	0.00028931249329255173
0.204727	6.769752866365615e-05	0.0003834815087770607	0.0003894111233145471
0.204787	-0.00018507404234191846	3.54558443883947e-05	0.00018843969340367832
0.204847	8.132425382693406e-05	-0.0002110098930345662	0.00022613891575526464
0.204907	2.602735108520564e-05	-0.00032641288082391217	0.0003274489147520236
0.204967	3.064086738796694e-05	0.00017459842398172626	0.0001772666703336801
0.205027	-6.610340677593147e-05	-6.205929334585945e-05	9.066982010554394e-05
0.205087	0.0002833315620750125	-0.00021352142011390513	0.000354779045203244
0.205147	0.00018079506218508692	6.201466288151779e-05	0.00019113522156530372
0.205207	0.0002537896948788586	0.0004370801981618291	0.0005054189438989084
0.205267	-1.556230924288031e-05	-0.0002659956722919075	0.0002664505266404908
0.205327	-0.0002760557627653892	-0.00025729678805486134	0.00037737040331659434
0.205387	8.855232066325161e-05	-0.0005049528507301621	0.0005126586534482421
0.205447	0.0001941234735294059	-0.0002683778172502101	0.0003312258682034196
0.205507	9.229173614435987e-05	0.0001995653601534946	0.0002198729122328036
0.205567	0.0002619129191281915	-0.00045457758788658507	0.0005246324052277332
0.205627	0.00019736427486812279	-0.0001478396369269808	0.00024659524577923524
0.205687	-0.00044147572497494486	-1.9147725777736092e-05	0.00044189076834056236
0.205747	-8.199791257706241e-05	-0.00020263836267608588	0.00021860000845160205
0.205807	-0.00014806950367927	0.00018121508885002153	0.0002340159959206775
0.205867	9.847748966674465e-05	-6.866494490541261e-05	0.00012005286597964727
0.205927	-5.632831838995532e-05	-0.00011613981014230703	0.00012907879358179368
0.205987	1.133406332620509e-06	0.00019111620687304036	0.00019111956765191152
0.206047	0.00023672840260187777	0.00015827504435344131	0.0002847653881066316
0.206107	6.296835879078294e-05	0.00030365140285039177	0.00031011157453699736
0.206167	5.904093944130295e-05	-0.00022679394649458028	0.0002343529959200397
0.206227	-0.00016820145878984646	-5.109647083083291e-06	0.00016827905167413464
0.206287	0.00028161468413797204	-0.0002241587671636283	0.00035993608212910174
0.206347	0.00014224721971763674	-0.0002457649591145035	0.0002839624740101255
0.206407	-5.037013490017549e-05	-8.771244362852121e-05	0.0001011465434760298
0.206467	-0.0001528533732436048	0.00032482557745177736	0.00035899277078909177
0.206527	0.0001015576670942683	0.00017992755973285504	0.0002066104704439016
0.206587	9.250967738987247e-06	-0.00019966049389847948	0.00019987469381563177
0.206647	-1.7865094187343572e-05	-0.00017161573681346892	0.0001725431039258089
0.206707	-0.00016200519818638435	0.00018191222947368138	0.00024359339784053052
0.206767	-2.9202844542193502e-05	-1.15853853979045e-05	3.1416990374214704e-05
0.206827	-8.333976395003039e-05	-7.413277047841279e-05	0.0001115400552001469
0.206887	6.068490785871862e-05	4.536946423289917e-05	7.576969266534928e-05
0.206947	-0.00012454167573058654	0.0003339679472398625	0.0003564340314523715
0.207007	0.0001571487161297541	0.0002808368675177685	0.00032181526554596925
0.207067	7.452967331285976e-05	0.00021835444182094556	0.0002307235021991871
0.207127	-0.00022173776779642166	2.9902724350116074e-05	0.0002237449677443022
0.207187	-0.0002781785536806059	-7.075933412439923e-05	0.0002870369159072786
0.207247	4.644906852212061e-05	3.870879071912522e-05	6.046392681185775e-05
0.207307	1.616681498604517e-05	0.00016940032705097137	0.000170170022952837
0.207367	0.00026641024375856684	8.914550441158699e-05	0.0002809294198482873
0.207427	3.612057808818458e-05	-7.839344098444236e-05	8.631470182307234e-05
0.207487	9.086236138959721e-05	4.740412625067464e-05	0.00010248473009616441
0.207547	-0.00028915965311244676	0.0003243932566546457	0.0004345621819154508
0.207607	0.0004926751231861752	0.0002403502286730908	0.0005481760752073369
0.207667	2.6641017467600382e-06	-0.00011463924908049693	0.00011467020043523648
0.207727	0.00018228048847242115	-5.383183864296834e-05	0.00019006326138795745
0.207787	0.00023207088627911956	-0.0002392992037958906	0.00033334817412987764
0.207847	-0.0003481524102820851	5.597419120158373e-08	0.00034815241478170937
0.207907	-7.658848724010561e-05	-0.0004475053812499697	0.0004540119630862259
0.207967	9.319725667057781e-05	2.0895032741721873e-06	9.322067729240298e-05
0.208027	0.0004101728150480119	0.00011472934382357231	0.00042591614261330607
0.208087	-0.0003575935321904563	0.0003498421704016325	0.0005002626094920265
0.208147	1.3730834807640922e-06	7.500220407220516e-05	7.501477170487062e-05
0.208207	-6.86081868224344e-05	-6.16431324466179e-05	9.223317774474291e-05
0.208267	-8.219891018137031e-05	-1.7736347692973636e-05	8.409065860421736e-05
0.208327	-1.214300621943848e-06	0.0002273202816936191	0.00022732352494906195
0.208387	-5.933412988907791e-05	0.00018519831926889813	0.0001944709655185542
0.208447	-9.288197155993521e-05	-3.2444907746845156e-05	9.838563248544935e-05
0.208507	0.00010579160202935969	-0.00016116309637478015	0.00019278331539073886
0.208567	-0.00011228617280084606	-0.00021390630238390885	0.00024158661138775408
0.208627	2.496441291591084e-05	1.968412551203685e-05	3.1791299272123435e-05
0.208687	-0.0003351893546240549	-0.00012222010209748631	0.0003567767604679576
0.208747	0.00011953495415844824	0.00017389828241722385	0.00021101947278230715
0.208807	0.00028689305971830135	-7.082329882090718e-05	0.00029550561309458123
0.208867	9.377186603925087e-05	-0.0001466344542885385	0.0001740540894233189
0.208927	-2.0427507549916998e-05	0.00011777883677386203	0.00011953718022651342
0.208987	-0.00024736307647516725	8.354805192965848e-05	0.000261091494661355
0.209047	-0.00017644497872283793	-0.0003210729507399136	0.00036636139290779224
0.209107	-0.00010560004709936506	0.0005766531338726687	0.000586242447075063
0.209167	-0.00037480782801450777	3.70601757698365e-05	0.0003766355859037274
0.209227	-0.00023157622036201034	-0.0005070031756755931	0.0005573865498756592
0.209287	0.00028555247672888104	0.00010745708192756826	0.00030510201805688907
0.209347	-8.438993144957788e-05	2.637645150103054e-06	8.443114177838835e-05
0.209407	9.179757079642013e-05	0.0002835405442446122	0.00029803025724690213
0.209467	-6.997764181055873e-05	-0.00029066290805583573	0.0002989678853536648
0.209527	0.00014839662002736796	-0.0006359121621636783	0.0006529975764298298
0.209587	-7.181529278231065e-05	-5.7660006928008514e-05	9.209838585093112e-05
0.209647	-0.0003623397249498064	-5.891823257276582e-05	0.00036709867121279514
0.209707	8.922415686510692e-06	2.133042684015216e-05	2.3121345351557198e-05
0.209767	-1.4482482356845616e-05	-0.00014833668972177248	0.00014904199345429375
0.209827	-0.00025413598376149946	-0.00016353823835960247	0.0003022082951346426
0.209887	0.0001408543966181556	-0.00018337672832880784	0.0002312292921306513
0.209947	0.0005495966431964559	-9.748412231768876e-05	0.0005581752630821815
0.210007	-0.0001265259789110107	-0.00047596953725774927	0.0004924995672452368
0.210067	0.00016674241907738862	0.00010513327451329264	0.00019711935402102665
0.210127	0.00011940122072734586	0.00015763918611130952	0.00019775430338937367
0.210187	9.441424360876621e-05	-0.0002868734810394156	0.0003020106678908667
0.210247	0.00019591992617487789	1.7852999466510698e-05	0.00019673166258210912
0.210307	-0.00022450345124846533	8.27981734411863e-05	0.00023928505416692623
0.210367	0.00015703838199220612	-2.032670312679091e-05	0.0001583484394578448
0.210427	7.118140442412994e-05	7.494658548256041e-05	0.00010336238683044368
0.210487	0.0004267400181869526	0.00021736221819273886	0.0004789085267771586
0.210547	-0.00016027859476860372	0.0005263205211139532	0.0005501840772747441
0.210607	-0.00014236570977106184	0.00010359179964204945	0.00017606605655746575
0.210667	-0.00021911623879138838	-0.00023682483577498655	0.00032264210658550766
0.210727	-3.09742316302887e-05	0.0002471128962030265	0.00024904655487465496
0.210787	-0.00023639769422687684	0.000178715350424597	0.00029634953401881783
0.210847	-5.298056003630043e-05	5.80352865678117e-05	7.858138601964246e-05
0.210907	-3.7654428680310646e-05	-8.796127047717362e-05	9.568197898872649e-05
0.210967	0.0001599861413988749	-0.00013750252213129774	0.000210956177990048
0.211027	0.00018839944874600976	0.0001478357476683417	0.00023947810041099365
0.211087	-0.00010925029026495793	-0.00025732626101798316	0.00027955756210926
0.211147	-2.8123083296090384e-05	-5.818294777521892e-05	6.462324060191264e-05
0.211207	-0.0003108962350525321	0.000674416868627955	0.0007426268118373963
0.211267	0.0001472090287378091	0.0005727105847677053	0.0005913272461563868
0.211327	-0.00023179811968783177	-0.00010462149847525787	0.000254314817173563
0.211387	-8.342439288202916e-05	0.0001582905740107984	0.00017892885499103605
0.211447	4.042588024540256e-05	0.00021566609296287215	0.0002194222309782804
0.211507	-0.00015648779669805637	-0.0003613927470762693	0.0003938186742077432
0.211567	-0.0003409556218920297	0.00038010954771977633	0.0005106211945929328
0.211627	1.1793124483920094e-05	0.00011103284485861813	0.00011165737961501334
0.211687	-0.0003473270706981727	0.0002154645453024705	0.0004087310415446493
0.211747	-0.00014945286514264085	-0.00018194295163466225	0.00023545572099415517
0.211807	-8.710604600251944e-05	-0.0001624221794174315	0.00018430525661765955
0.211867	0.00012047743803541884	-0.0002781350009512903	0.0003031070633122106
0.211927	-4.050578982411551e-05	-5.515896240841165e-05	6.843412995901964e-05
0.211987	0.00016938601085327433	0.00018120604622645962	0.00024804687432380875
0.212047	-0.00014866245528579212	2.2806778948048395e-05	0.00015040171135191676
0.212107	0.0001844960201716762	-9.336338556782222e-05	0.0002067740390471526
0.212167	-7.3992616102590175e-06	1.0087546830820195e-06	7.4677077063643016e-06
0.212227	-0.00017921523053475671	1.6754697208185143e-05	0.00017999671867610244
0.212287	-8.523608522987837e-05	-0.00015841953436485586	0.00017989424419278353
0.212347	3.145815779766545e-05	-3.5427812620378985e-05	4.737874628024156e-05
0.212407	0.00014839933648252724	0.0004645114969919011	0.000487640537595175
0.212467	7.425034131523575e-05	6.078800504797812e-05	9.595986006212191e-05
0.212527	0.0001797683708512498	6.699070745875492e-05	0.000191844786336082
0.212587	-0.00024344061100968793	-0.00014443774799855947	0.0002830646465662315
0.212647	0.00010562894132282347	8.539245951100482e-05	0.00013582836738442776
0.212707	-5.128103808091187e-05	-0.0003099826266794295	0.00031419575698875133
0.212767	5.835840384639515e-05	0.00016372912397541494	0.00017381866797687684
0.212827	0.0001658535629275876	-0.00021985860138518587	0.00027540008885043105
0.212887	-4.614696354641402e-05	0.00020989412161075984	0.00021490715328091457
0.212947	7.26190581135192e-05	-0.00041278599128457215	0.00041912504363504876
0.213007	-7.534440067910994e-05	-0.0002820910710141727	0.0002919797100135852
0.213067	-0.00019722735022058714	0.00021736384529503	0.0002935058243314362
0.213127	6.219493388840711e-05	-9.1663417541213e-05	0.00011077180108997996
0.213187	0.0001110653616646953	-0.0001437298242173828	0.00018164189200531176
0.213247	0.0002685343082522405	-2.2566895402308736e-05	0.00026948087033518364
0.213307	-0.0004261397095100644	-0.00011632931854571432	0.00044173245565006013
0.213367	-0.00011312801775405259	0.00024697581149073266	0.00027165235110793195
0.213427	-5.611818926150937e-05	-4.0112470387560356e-05	6.898015255552493e-05
0.213487	-0.0001439174314620463	-4.950108008809509e-05	0.0001521925885466201
0.213547	-0.0002384942362707694	-0.00019495297110947525	0.0003080359746503474
0.213607	5.237947062911487e-05	-0.00021622870601033922	0.00022248249874156847
0.213667	0.0001462227316075774	-0.0004175967162351824	0.0004424568958092856
0.213727	-0.00024903964782160994	-0.0002864342613459976	0.00037955939226942963
0.213787	0.0003527158682437917	0.0002909335615823359	0.0004572207573655801
0.213847	-0.00027937160298579253	-0.00011953306259150926	0.000303869454877184
0.213907	8.122654509897113e-05	0.00017455266148201843	0.00019252631835458577
0.213967	-0.00013283485291516481	-3.876924847488083e-05	0.0001383768505794973
0.214027	0.00016344738434563756	-0.0002745596009591068	0.00031952781088389557
0.214087	0.00013695295238792796	0.0002186037472002574	0.000257960674246607
0.214147	-5.005079798432752e-05	7.53029491294114e-05	9.041911593493205e-05
0.214207	0.00016987239207593623	4.139488849960617e-05	0.00017484326233371255
0.214267	-8.379515812953484e-05	9.86143432447783e-05	0.000129407948826773
0.214327	-0.0003440647359087029	5.620537414349937e-06	0.0003441106405456704
0.214387	-0.000290436420016936	-0.00020993907758898675	0.00035836814921414074
0.214447	-0.000556669399848844	0.00038353600558717403	0.0006760034676758966
0.214507	-1.9695806173610243e-05	0.00014723056434928625	0.0001485421282311444
0.214567	-0.0002477855364385043	-0.00021207244670752996	0.0003261478111541383
0.214627	0.00017278529659175493	-0.00010779956152094102	0.00020365535638035122
0.214687	4.486438115613242e-05	0.00013741539756333428	0.00014455381068658116
0.214747	-0.00013780848298979348	9.125520595911442e-05	0.00016528366706540786
0.214807	0.00010808997056024707	-0.00028128862441153645	0.00030134155365473496
0.214867	5.247401649840231e-05	2.779265543667162e-05	5.93797448941653e-05
0.214927	-6.605401933068084e-05	-6.020558740235413e-05	8.937475160357349e-05
0.214987	-0.00015255400452876414	-0.00012501879488872433	0.00019723697263239243
0.215047	-0.0001683115007236555	-7.586228488194056e-05	0.00018461811271746278
0.215107	-0.0003203516316580684	0.00010013037780196799	0.0003356356066700188
0.215167	0.00020275121198294328	0.00023072939611747275	0.00030715486027944606
0.215227	0.00011643653559824945	-9.646403511898236e-05	0.00015120442087967757
0.215287	-0.00012058583739878672	0.00011250914508254822	0.00016492195702323117
0.215347	-8.880967293449531e-05	4.378693608685476e-05	9.901744178985e-05
0.215407	-5.633045124625869e-05	0.00012757852093268614	0.00013946110117512683
0.215467	0.0003924614865710146	-0.0002120467445757394	0.0004460827729544143
0.215527	-0.0001885644804460535	-6.390971527240729e-05	0.00019910051479614578
0.215587	0.0001483494127445411	0.00012452467491554786	0.00019368516444083448
0.215647	-0.00017350982121417885	0.00021363149019738324	0.0002752164087799471
0.215707	-5.475071442409304e-05	-0.00021224960111634956	0.00021919747695627812
0.215767	0.00030733240521189047	-0.0002914689042775982	0.0004235650238795802
0.215827	-3.071244717807948e-05	0.00017561171584425046	0.00017827711337529585
0.215887	0.0002275965078275325	0.00022540151969434682	0.0003203217374075776
0.215947	0.00017406733958571027	-0.0001679023499398019	0.0002418483777612632
0.216007	-0.00015871348593498309	-0.0001275461065207026	0.0002036123274908091
0.216067	-6.318216129541185e-05	0.00011583133408349101	0.00013194272795997793
0.216127	-0.00042283682501235645	-2.099265300759058e-05	0.00042335761723019373
0.216187	-0.0004988775835949883	-5.784701495234988e-05	0.0005022201913030498
0.216247	0.0003320442228300737	-0.00016575395492335432	0.00037111688116759256
0.216307	0.0003004405610450378	-0.00043085517847053523	0.0005252625205894038
0.216367	-0.0002486295197405064	0.00036765477899186735	0.0004438318089118373
0.216427	-0.00018664433196199844	-0.00015233964399272406	0.0002409221322032714
0.216487	0.00016709095669745146	-0.00023779604282819398	0.00029063094431739
0.216547	-0.00027402331057664207	-0.00014019056872092243	0.00030780216096979975
0.216607	-0.00019563751654873494	-6.876193038513886e-05	0.0002073698168771126
0.216667	-0.000139515125960505	-6.203863250977759e-05	0.00015268681113789366
0.216727	9.87464874880261e-05	0.00016042335253123256	0.000188378663411181
0.216787	3.937681973690765e-05	0.00012895484653393065	0.0001348328089790557
0.216847	-8.781258826666248e-05	-2.72000653440868e-05	9.192874530207067e-05
0.216907	-0.00028786974010080064	0.0003722754604172261	0.0004705932486708242
0.216967	0.00033757098606081116	-0.0001433420649808483	0.0003667439409493252
0.217027	0.0002704567174612218	0.0002689060582329574	0.0003813886523931799
0.217087	-0.0003347461379657227	-0.00021010776737560063	0.0003952217741908031
0.217147	0.00038255379409467754	9.611609486247612e-05	0.00039444354357480037
0.217207	-0.00014617245161021653	0.00025335195297978067	0.0002924954660988954
0.217267	-0.0003138970196229247	8.223528663383227e-05	0.00032449034083606145
0.217327	-8.119152162561598e-06	-0.00032180399963663417	0.00032190640691662795
0.217387	3.05830757101653e-05	9.200851290843093e-05	9.695819185357472e-05
0.217447	-0.00010477864346405765	-0.00015891133590403787	0.00019034541445743858
0.217507	-0.0001358517975107415	0.00012402165825231188	0.00018394858684576176
0.217567	-0.0001450598332580317	2.7704779169950827e-05	0.00014768178633028415
0.217627	5.117453389686126e-05	6.916764252364523e-05	8.604066301371566e-05
0.217687	-0.0003487166691805183	8.706526521790957e-05	0.00035942130678608906
0.217747	0.00034388041959162026	3.629404135577612e-05	0.00034579039954348587
0.217807	6.874155224131881e-05	-0.00013939913099066743	0.00015542689189937248
0.217867	-0.0003891604662801269	-0.00018355699196057876	0.0004302778611699442
0.217927	-3.4017829895902822e-06	-9.783204977689903e-05	9.789117473530449e-05
0.217987	0.0003083931604790967	0.00010336673490249534	0.00032525532019428774
0.218047	-0.00020650528226596622	0.0001022066637451479	0.0002304140484381543
0.218107	-0.0001468732446753945	0.00013599622314542747	0.00020016673727495086
0.218167	-0.00017297004693477352	8.076181604948524e-05	0.00019089554229533137
0.218227	0.0002469301019628806	-2.645911355788964e-05	0.00024834363278664485
0.218287	0.00012896172697206626	-3.7570819920787875e-05	0.00013432309381911225
0.218347	0.00016132470701818257	-0.00046246179541166736	0.000489792377758051
0.218407	-0.0002674728465939942	1.700512452639506e-05	0.00026801286895455705
0.218467	0.00027869082214765947	-7.082158900631165e-05	0.0002875487294680978
0.218527	5.436864282758961e-05	-0.00019517956937528406	0.0002026104973204383
0.218587	-0.00014346201742810428	-3.271839018377874e-05	0.0001471456540328653
0.218647	-8.39114155424214e-05	9.374503086705325e-05	0.00012581437306841253
0.218707	1.9665765884855254e-05	-0.00018384195200332442	0.00018489079388717703
0.218767	0.0002662923103509277	5.632248959304606e-05	0.0002721834259942981
0.218827	-0.00010680512930918878	0.00021982129340441752	0.0002443946330849832
0.218887	0.00019909589768474844	0.00030399857681801814	0.0003633927781096871
0.218947	-2.4682232502998366e-05	9.842656269144735e-05	0.00010147413879696384
0.219007	-8.160301592998227e-05	-8.582694069232617e-05	0.00011842852678925383
0.219067	-0.00027738257208980506	0.00017060039563269303	0.0003256464129837565
0.219127	-0.0004184109235263909	-0.00029406197292917253	0.0005114099577141657
0.219187	0.0001450157411910259	6.163260100946081e-05	0.00015756948530846318
0.219247	0.00029206703301418944	-0.0003461224788632632	0.0004528840051803129
0.219307	-9.882234894952066e-05	-6.286733576781365e-06	9.902211707980321e-05
0.219367	0.00048605680040320607	0.00020459279374577727	0.0005273608105186659
0.219427	5.12055249674135e-05	0.00024779503180818747	0.0002530304004976656
0.219487	0.00018663557920865016	-0.00026899778515344	0.00032740288307222436
0.219547	-0.00010724980063118436	-0.00025990191975149143	0.0002811610350420902
0.219607	-0.00021247017286437803	-0.00020237597406343942	0.00029342734916013637
0.219667	-4.62514728986447e-05	-0.00036475962534455325	0.00036768027282789174
0.219727	-4.513888863287487e-05	-0.0005503111583460359	0.0005521592979088252
0.219787	0.0003119382043837673	0.0001834114332110468	0.00036186350629304864
0.219847	-4.0529716576987585e-05	2.934652059852532e-05	5.003874695723918e-05
0.219907	-8.257183189968323e-05	-0.00026038611462462775	0.00027316485153214596
0.219967	-0.00025569919065271477	0.00014363692279024048	0.0002932808239368931
0.220027	6.0262570561441484e-05	0.00010738963463839996	0.00012314264508464057
0.220087	0.000316011313469031	-0.00022070476018271396	0.0003854526448316725
0.220147	-0.00016067680185491776	0.0002401785623681653	0.00028896846969100827
0.220207	-8.718572982706408e-05	9.772095118790452e-05	0.00013096081775304638
0.220267	0.0004567238470652912	-4.3156438429567816e-05	0.0004587582703952536
0.220327	-0.000299576683659159	1.423254731861523e-05	0.00029991457916446213
0.220387	0.00015892835344379322	-0.00011667040036922472	0.00019715527852601474
0.220447	0.00018659440318494018	-0.00019823750868412147	0.00027224176966298016
0.220507	0.0005776914192246721	0.00014542526433954762	0.0005957145989096147
0.220567	-0.00015059471445936045	-0.00010071550574195214	0.0001811694817565958
0.220627	-2.7248949411378203e-05	-0.00010630281737413397	0.00010973966568976929
0.220687	-4.770688085859256e-06	-0.0002806442466165133	0.000280684792291572
0.220747	-4.603228555928841e-05	0.00022959991962818706	0.00023416894415588467
0.220807	8.699915614868964e-06	-1.87700205398659e-05	2.0688214103030467e-05
0.220867	0.00032167338127986794	0.00014012424268579511	0.0003508683052261787
0.220927	0.00011538275796927221	-0.0002964709032134136	0.0003181323266956266
0.220987	4.9941333362893214e-05	-3.971619544784767e-05	6.380840821486826e-05
0.221047	0.0003394760415655418	0.00019229698565523988	0.0003901565243451671
0.221107	7.78912197457248e-06	0.0001989088671698282	0.00019906131683458523
0.221167	-0.00018064878215279327	-0.00013694326780365725	0.00022668798179442939
0.221227	0.00015137865259815707	0.00040878443716295724	0.00043591307909842444
0.221287	-0.00015363891038686157	-7.960347784656756e-05	0.00017303649461928848
0.221347	8.393443683465677e-05	-3.724526849058229e-05	9.182700970676629e-05
0.221407	-1.1038714277487172e-05	-3.892525630371969e-05	4.0460212446430235e-05
0.221467	-0.0004428676771401812	0.00011305622105249981	0.0004570705509811494
0.221527	3.6375124226829375e-05	-0.0001620865000576754	0.0001661179796514034
0.221587	0.00026456095389914354	-0.00023678099851125666	0.0003550461090957236
0.221647	0.00026666829443401603	0.0003458011861210286	0.0004366811646717286
0.221707	-0.0006473906331161477	-0.00020650033884648392	0.0006795270574379207
0.221767	0.00020112493728237455	0.00028265763131011	0.00034691004155930854
0.221827	-4.020908965469328e-05	0.00012142690149777838	0.00012791115392416072
0.221887	8.40294104191951e-05	-0.00018832486834101912	0.00020622123520884
0.221947	7.938465544095148e-05	-0.00011405288818943206	0.0001389603714151257
0.222007	-8.066182371264778e-06	0.00022004563755507198	0.0002201934283875534
0.222067	0.00015229804983893163	0.00012660814442266494	0.00019805130198736914
0.222127	0.00031069686464016205	7.0321898985022335e-06	0.0003107764363525584
0.222187	-0.00016013900698438386	-0.00017841954583216	0.00023974577346201284
0.222247	0.0002806186265281256	-0.0002779604032972399	0.0003949794923229507
0.222307	0.00031126670893045604	5.330003433284321e-05	0.0003157971781828956
0.222367	5.697250680677222e-06	0.0002793571269168217	0.0002794152161650108
0.222427	-0.00028078719710200546	0.00020792677627798922	0.00034939232153806334
0.222487	-0.00015211241093676556	0.00011480155728596004	0.00019057172695937088
0.222547	0.00033033572682124963	7.4285606628576905e-06	0.0003304192426721619
0.222607	0.00022660111975223037	5.372531657498852e-05	0.00023288296870756217
0.222667	-2.9869429661682387e-05	0.0002977368434285227	0.00029923136660967687
0.222727	0.0003644105869766221	7.321683289738322e-05	0.00037169312681319464
0.222787	0.00020847720545428622	-1.0787404538922899e-05	0.00020875610958895322
0.222847	7.770632209761669e-05	-0.00011281757329233838	0.00013698933293330065
0.222907	-0.00018215428475900502	-8.50069689316112e-05	0.00020101335334500692
0.222967	-0.0002443460427368079	-0.0004518662795867428	0.0005137004216746394
0.223027	0.00022172760339080717	-6.706296079586816e-05	0.0002316475141592053
0.223087	0.0002753575421335788	-0.00015753918384950707	0.0003172386648216362
0.223147	-0.00012217128564904478	0.00017378121132338102	0.00021242818185486148
0.223207	-1.1794151249356981e-05	-1.6256384435569182e-06	1.190565848837766e-05
0.223267	-0.00038365672560291056	0.00048026591710813716	0.0006146932846843758
0.223327	0.000195723713501622	-0.0001480967677890056	0.0002454392484025643
0.223387	0.00025640761275194234	-0.00030596844708058875	0.00039920114539672484
0.223447	5.999373041526921e-05	-0.0005191409949109158	0.0005225960392944396
0.223507	-0.00014276710625234018	0.0002317821421305449	0.0002722230850576253
0.223567	-6.852872140291709e-05	0.0001927614996506459	0.00020458050103732903
0.223627	-8.944017722003079e-05	2.3187459795039397e-05	9.239698908999732e-05
0.223687	-5.6291251835317296e-05	-0.00011497935756207294	0.00012801936454526767
0.223747	-0.0003205435487874523	0.0002785785868196094	0.000424681287206847
0.223807	-0.00013022042767584207	0.00020592844322978276	0.00024364704700677387
0.223867	-3.2032741962819784e-05	-8.073544502163626e-05	8.685797971688178e-05
0.223927	9.526329753324038e-05	-0.00022565253035635764	0.00024493705377736047
0.223987	2.1947144949452884e-05	-6.0221567661063776e-05	6.409613391608246e-05
0.224047	-9.738230695263919e-05	-0.00028687987097871973	0.0003029577100523849
0.224107	-1.3896930740522472e-05	-3.0191453557643316e-05	3.3236253578437685e-05
0.224167	-0.0001124713998464097	0.00012620639130228307	0.00016904990088419442
0.224227	8.719401366003433e-05	3.745106240997879e-05	9.489667061484497e-05
0.224287	-4.059608201837389e-05	-0.00018233581884127663	0.00018680040874623747
0.224347	0.0005772118975941107	-9.128630335235076e-05	0.0005843858005666561
0.224407	0.00022535575654833806	-0.0006254904877352726	0.0006648485295590139
0.224467	-0.00018313461685210794	0.0002177087498360447	0.0002844914544318368
0.224527	0.00032239766542743823	-0.00025649909909876705	0.0004119854882293083
0.224587	-0.00012337508357619878	-5.201671547226e-05	0.00013389230723217854
0.224647	6.891905230350995e-05	0.00017175887384388418	0.0001850701124291366
0.224707	0.00018854057087307397	0.00034849237425760895	0.00039622529169760227
0.224767	1.716340537414404e-05	6.267519031120335e-05	6.498278206250296e-05
0.224827	0.0005618304170675827	6.741949004339772e-05	0.0005658611182790753
0.224887	-0.0002785331356756533	-0.00043111881519138627	0.0005132680980553307
0.224947	3.113999412130259e-05	2.200955513439299e-06	3.121767830968375e-05
0.225007	-0.00023543902024042733	-0.0003532707329554232	0.0004245370926251725
0.225067	-8.334161759718537e-07	0.00020946826608363463	0.00020946992404306336
0.225127	1.1781487397638052e-05	0.00034360087839944173	0.0003438028026095318
0.225187	1.5401017718920085e-05	-5.8118434961367164e-05	6.0124402942043056e-05
0.225247	0.00018259767838534928	-0.00016454610858980908	0.0002457993775495957
0.225307	4.387386837267515e-05	5.8518781675482654e-05	7.313934737721981e-05
0.225367	5.7104817694684276e-05	-4.5997607033891876e-05	7.332625762158782e-05
0.225427	-9.894705387191915e-05	-0.0006068199080247323	0.0006148340591127634
0.225487	-0.00017514494877401865	-1.1410957893401793e-05	0.0001755162757156686
0.225547	8.462490608567678e-05	0.00013616516311774538	0.00016031945102479555
0.225607	0.00023068037599545865	3.8924858727825687e-05	0.00023394140398054245
0.225667	-0.00022011163311756976	0.0003658768616030827	0.000426983616653151
0.225727	0.0002206063358219219	0.00011450074682851662	0.00024855095338594587
0.225787	6.606538858113512e-05	-0.00020581945269423707	0.00021616263015547267
0.225847	0.000382092149483765	-0.00013932783133051933	0.00040670217024302866
0.225907	-4.573764572677808e-05	-8.424798723392554e-05	9.586269133294736e-05
0.225967	-0.00046804785621724915	0.00010781811999055913	0.00048030567632275734
0.226027	0.0002492358352266606	-1.8419892742966074e-07	0.0002492359032931973
0.226087	5.604405914282892e-05	9.395746653340085e-05	0.00010940266030851374
0.226147	-0.00010796456013944905	0.0004667403663865941	0.00047906462597524025
0.226207	2.5336299130049204e-05	0.00022179103402738312	0.00022323348948700137
0.226267	0.00043937407271312255	-6.556675854743675e-05	0.0004442393224366053
0.226327	0.00038174623862680866	8.856298081294112e-05	0.0003918846670593144
0.226387	-8.321895801575067e-05	-0.0004177761959642544	0.00042598397257125807
0.226447	-3.558599408294498e-05	0.0004394827684282728	0.00044092115703405556
0.226507	0.0001930580560088862	-1.5102579748724036e-05	0.00019364787864832602
0.226567	0.00024661417590572763	6.126150288890697e-05	0.0002541092747104456
0.226627	1.0280228602883629e-05	0.00010953606606889463	0.00011001742075679104
0.226687	9.688922141080286e-05	0.0004400525488714618	0.0004505926841326453
0.226747	0.00019438839217444112	-0.00020573468015974884	0.00028304346951060094
0.226807	-0.00021666674726170918	7.079134322014667e-05	0.0002279383549205398
0.226867	-4.069445668103701e-05	7.268775345166119e-05	8.330395132533799e-05
0.226927	-7.293095762954773e-05	-0.00020854011148301483	0.00022092510649111642
0.226987	-0.00037921638120747816	-0.0001561339698592164	0.000410101061105789
0.227047	-0.000165490810773007	0.00013122065224447475	0.00021120148679820553
0.227107	-0.00035914710423585084	0.00017803336829375456	0.0004008522454808215
0.227167	9.183348847707987e-06	7.248545455079408e-05	7.306486855865775e-05
0.227227	3.3161848687381876e-05	5.083945639416356e-05	6.0698917081105074e-05
0.227287	4.183093519444552e-06	-0.0003171305440448119	0.0003171581312808341
0.227347	0.00014053380841565108	-0.00024425536822878695	0.0002817985738366808
0.227407	0.00034727388172986565	-0.00026470363745001105	0.00043665451401651124
0.227467	0.00041470590594386644	0.00010340112628170168	0.0004274023646881793
0.227527	-0.00012175213168858077	0.00015487015624449812	0.00019699834229228624
0.227587	4.475531043765144e-05	-0.00024620190499678713	0.0002502367196004966
0.227647	7.36482031776865e-05	6.10355739842466e-05	9.56524914620013e-05
0.227707	0.0003986820070904789	0.0004274646559218737	0.0005845283353611684
0.227767	-2.1882220574969563e-05	0.00020760656408872795	0.00020875659757243296
0.227827	-6.60568228606614e-05	-1.6852560115403522e-05	6.81726677553995e-05
0.227887	-0.00013262825758116186	0.0003155911161424925	0.0003423273393947366
0.227947	4.214322330243377e-05	-0.000146395561729563	0.0001523407751208884
0.228007	0.0003314935713486486	-0.00012148445267400138	0.000353053055626181
0.228067	0.00017625865680000286	-0.00019204239481411016	0.00026066721217460353
0.228127	-0.00017847026364819046	-0.00016250269247011247	0.00024136851506915844
0.228187	-0.0003070335158624612	0.0001589407688457634	0.0003457336371603819
0.228247	-0.0003782999180673246	-4.096364146136004e-06	0.0003783220958508269
0.228307	0.0002758970983163092	-0.00030147338996008106	0.00040866295857758174
0.228367	-2.629795662784047e-05	-0.00012749584574743398	0.00013017977264403736
0.228427	4.303678560620922e-05	0.0004423580914372419	0.0004444466739388586
0.228487	-0.00018166980677119756	6.343686356962954e-05	0.00019242701045288848
0.228547	-0.00018218080957369378	0.00029348688284062626	0.0003454336372972875
0.228607	1.538805171527694e-05	-0.00010677503436976358	0.0001078781724921971
0.228667	2.873892870519737e-05	8.824873914473819e-05	9.281037648753754e-05
0.228727	-3.7810135929689724e-05	-0.00014222607933846173	0.00014716611030740748
0.228787	6.750300665972725e-06	-2.913942710493778e-06	7.35238880916071e-06
0.228847	0.000189720882582342	0.0001965444815615062	0.00027317347330973416
0.228907	0.00016447625102907742	3.0118037270402664e-05	0.0001672110442572543
0.228967	0.00013405104616757185	-0.00014524159956260594	0.00019764818547642895
0.229027	0.0004762459140505461	-0.00015624864267670726	0.0005012223149343548
0.229087	-0.000289213063618176	-0.00013654455644674342	0.00031982590899214065
0.229147	0.00014561598476691632	1.7985342799129433e-06	0.00014562709138479291
0.229207	0.00010718299434877448	-0.00011055118480970284	0.0001539797348367586
0.229267	0.00017434529450266153	6.374692848016094e-05	0.00018563392094623904
0.229327	0.00013185807948137216	-0.00021881185166914758	0.00025547050623388385
0.229387	0.00011257796811549493	-0.00020907645143364065	0.00023745896792729662
0.229447	-0.00023348710571861192	-9.129942485898096e-06	0.0002336655395787964
0.229507	0.00038222981849793435	0.00024081130848034664	0.0004517629029048097
0.229567	6.392523602930051e-05	7.163782028817414e-05	9.601256739116247e-05
0.229627	-0.00042279374475378444	-2.140517366225834e-05	0.0004233352478384474
0.229687	0.00013816140601902426	-9.420792962273793e-05	0.00016722352740256504
0.229747	0.00023586875657486214	0.00021902728448863732	0.0003218804462508371
0.229807	-0.00018919192286895575	-0.0003101470545996204	0.00036329709489021906
0.229867	-0.00016575771684062586	-0.0001579578861842455	0.00022896793334441432
0.229927	-4.811052135858594e-05	4.931325715562975e-05	6.889426388816578e-05
0.229987	-0.00011165111576774423	0.0001657600519632928	0.00019985586425986043
0.230047	0.00039481334725464674	-0.0004224289224702046	0.0005782073795012966
0.230107	-0.00013603066908903384	4.9240469097497916e-05	0.0001446684717889557
0.230167	-2.4223242615662696e-05	-0.0004644509095857708	0.0004650821571484624
0.230227	0.00012517583209815253	0.00016800146421667837	0.0002095077108853341
0.230287	0.0001730616521363486	0.00023563566842378796	0.0002923602292954496
0.230347	0.0003214512971933873	-0.0004300666777426064	0.0005369248399654036
0.230407	0.0003237829995658297	5.344785258958059e-06	0.00032382711056566963
0.230467	-0.00015722100623949718	-0.00013798597987026409	0.00020918550486043945
0.230527	-0.0003454694429234417	-9.604723411727695e-06	0.0003456029321427249
0.230587	0.0002193055507437729	0.00032178254560673845	0.0003894084375616202
0.230647	-0.00016531938614306352	-8.833602940655638e-05	0.00018743999980269776
0.230707	-1.259008830930415e-05	0.00025406619518827033	0.00025437795081547526
0.230767	-0.00015941268669174296	4.5176995668594247e-05	0.00016569057189810162
0.230827	-1.903165177089423e-05	-2.459897076802085e-05	3.110165802613304e-05
0.230887	-0.00021160302178013676	-0.00028960280545858424	0.00035867202812035347
0.230947	-0.0001686577500718343	0.0003106041886009026	0.00035344079933663345
0.231007	9.759296959855392e-05	0.00019208301615750915	0.00021545364422824272
0.231067	-0.00013093934345227622	-0.0002500263663513652	0.00028223801220703815
0.231127	-0.00021787214658458424	-0.00020634070080602276	0.0003000745858390796
0.231187	-7.803639732221291e-07	0.0002659152177890884	0.0002659163628281438
0.231247	-0.00027253048739354213	7.492094629843625e-05	0.0002826411412961935
0.231307	-0.0002124287609161876	-5.476584662750261e-06	0.00021249934457300113
0.231367	0.0001729143522743545	6.921445126853204e-05	0.0001862525529673716
0.231427	-9.278683886267171e-05	-3.117261563239779e-05	9.788324387499944e-05
0.231487	-0.00039821454127310433	2.4056292624696394e-05	0.00039894050445673466
0.231547	2.048000001068289e-05	-0.00022537687078540464	0.00022630546675999355
0.231607	0.0003918810237090892	0.00020680348516415403	0.00044310091200461797
0.231667	-3.3351069828074434e-05	0.00014785376241162248	0.00015156856177304582
0.231727	0.0001988402119579373	-0.0002032985884920336	0.0002843725478563826
0.231787	0.00019773337046080712	0.00012271352269081515	0.00023271676872322716
0.231847	9.053842214559553e-05	-7.209995156577263e-05	0.00011573940081234577
0.231907	-4.319909151167017e-05	-0.00021862173814219513	0.00022284888578529664
0.231967	-6.908277573521401e-05	3.1561465028062815e-05	7.595101038168949e-05
0.232027	-0.00010173786022160122	-0.00037738104299778213	0.0003908542488147774
0.232087	0.00011687138754430196	6.727712740184473e-05	0.00013485226397051873
0.232147	5.7118052342929786e-05	-0.00021102399747214277	0.00021861747279797327
0.232207	0.00044464879333660275	6.39554213854897e-05	0.0004492247158608845
0.232267	-8.295603883591004e-05	-9.259167788188536e-05	0.00012431783135305986
0.232327	-0.0003659913045449251	0.00029816642158747076	0.0004720729286506201
0.232387	-0.0001945362626267905	-0.0002557818918335571	0.0003213545295569258
0.232447	-0.00025496786907911633	-0.0002770045505107137	0.0003764839110325804
0.232507	-0.00016879132850488468	6.650907718145168e-05	0.0001814220767326077
0.232567	-9.991079200087517e-05	4.7739428746479866e-05	0.00011073039065804098
0.232627	5.5332995198557276e-05	0.00021273219893293329	0.0002198106658478716
0.232687	-0.00012032820759516358	6.380790097279936e-05	0.00013619958065140786
0.232747	0.00021854581587190506	-0.00026997196545284417	0.0003473429656198443
0.232807	-0.00041371004509284495	-0.0005612422406853863	0.0006972437551819858
0.232867	0.0004525352897253581	0.00015195083318436875	0.00047736489622953804
0.232927	0.00015567915186816175	0.000212028246360775	0.0002630436761855637
0.232987	0.0002450520098317328	0.0001525132632969314	0.0002886360736360769
0.233047	3.92690566444281e-06	-0.00020019281429304317	0.00020023132492860926
0.233107	0.00013902518809836694	0.0002344871101654414	0.0002726026554520813
0.233167	-8.49987193803477e-06	-0.0004499002867320728	0.0004499805727190501
0.233227	-9.511426224271559e-06	-0.00015157964268998589	0.0001518777643595123
0.233287	-1.6774933096602594e-07	3.842118794886967e-06	3.8457790721859246e-06
0.233347	-5.432017242729477e-05	-1.289982575139751e-05	5.583087530164159e-05
0.233407	-0.00016848781475173932	-4.483083056486331e-05	0.00017435007051605085
0.233467	-0.00043621457506363634	0.00019099973961190554	0.0004761974968747364
0.233527	-8.053318974302679e-05	-0.0002745077288594993	0.00028607706628422125
0.233587	0.0006731409557754009	-0.00025387460544035135	0.0007194241180483973
0.233647	-0.00012131715456054244	-0.0005439836157636439	0.0005573473120146488
0.233707	-0.00030297674331964726	-0.00012469809255272624	0.0003276347375948828
0.233767	0.00010183513519020036	-9.747801169855741e-05	0.00014096934959029385
0.233827	-0.00015354986559275495	-9.625343867673197e-06	0.0001538512543599306
0.233887	0.00012260345931178903	-0.00011182651331090296	0.00016594209024382893
0.233947	0.00033090698769904425	2.6970387109588628e-05	0.00033200427149194405
0.234007	0.0001604676880636876	0.00015887344674699093	0.00022581109581633474
0.234067	-0.00013039201431694727	-6.951193790295051e-05	0.00014776327997393206
0.234127	0.00015853312214604624	0.00036948048181740357	0.0004020554405320166
0.234187	-3.114045607065652e-05	-0.0003326254307108227	0.0003340799382780247
0.234247	-0.0002503960406410323	-1.7910414390087982e-05	0.0002510357745667541
0.234307	-4.0691609452595304e-05	-2.667553161776615e-05	4.865584309137994e-05
0.234367	-0.0002517796262425174	3.391300930444496e-05	0.00025405328651860644
0.234427	0.00014718373686976259	8.959698747500061e-05	0.0001723098156331871
0.234487	0.00019541148542498882	-0.0002857852230519313	0.00034620635804508663
0.234547	0.00017059027462544454	0.00024344806882547958	0.00029726756299946355
0.234607	3.203898803910389e-05	0.0003369033525922905	0.00033842335283265407
0.234667	-0.0001444895384250213	8.940844688735985e-05	0.00016991497017357108
0.234727	7.540511361696118e-05	0.0003926439035171468	0.00039981891667199707
0.234787	-0.00022820694810675012	0.0002727307253332024	0.0003556127946305808
0.234847	2.4948005225081726e-05	-0.0002749175713113481	0.0002760472314304943
0.234907	-0.0002167266654049005	-1.7767338794527773e-05	0.00021745373260849586
0.234967	0.00031792311385075425	1.9014606680651752e-05	0.0003184912268615566
0.235027	-0.0003664845924160469	-0.00011813812004286413	0.0003850552841938651
0.235087	-0.00010878820614402716	2.1393842314507345e-06	0.0001088092402368711
0.235147	6.550867933102927e-05	-0.00018661098829306848	0.00019777524622513143
0.235207	-0.00028100636575781535	-0.00013086123694621844	0.00030998264617799077
0.235267	-0.0003698168536481485	-6.37763045775639e-05	0.0003752757949399166
0.235327	-0.00028562305036729035	0.0002780134938534938	0.00039858754328972993
0.235387	-0.0002607592430297096	-8.633921411545035e-05	0.0002746813476002707
0.235447	5.359541849519559e-05	-4.5422470288902696e-05	7.025432150993561e-05
0.235507	9.816633992195988e-05	0.00021830721175333356	0.00023936304852083707
0.235567	2.8209133244557925e-05	0.00033386725629551916	0.0003350568608829061
0.235627	-8.787900080355937e-05	-0.00010720454271384995	0.00013862010229659212
0.235687	-7.957316376113399e-05	-0.00026102583526892614	0.0002728852782192488
0.235747	-0.00022239706737777688	-5.103267511592484e-05	0.00022817710119055104
0.235807	-0.00025080187108871	-2.2601149870034347e-05	0.0002518181695530441
0.235867	-0.00024513664458395307	-5.129483711528544e-05	0.0002504458720613358
0.235927	0.00021053938551664545	0.00037520269529567324	0.00043023702236193536
0.235987	-5.079246722054589e-05	-0.00045829405587385533	0.00046110011534986485
0.236047	-0.00014853460085498613	-0.0002060016496325784	0.0002539669413575193
0.236107	-0.00040023807768179174	-0.0002493085190256402	0.0004715350002758798
0.236167	-0.0003879298929895633	-0.00021061168184877805	0.0004414146377342565
0.236227	-0.00024716147254038776	0.00017952211126456545	0.00030547828391101696
0.236287	-0.00015782049428448466	-0.00020595346705653292	0.00025946895577083097
0.236347	0.0002258932841582829	8.218045730941081e-05	0.0002403776266448245
0.236407	-0.0003057598539460147	-0.00020120986920179712	0.0003660252720090411
0.236467	-3.983850863454112e-05	0.00023734458502618755	0.00024066482670194575
0.236527	-0.0002614033723311336	0.00014760289246636038	0.0003001971634285128
0.236587	1.8165804236095376e-05	-0.00016250623722029384	0.00016351841969344786
0.236647	0.00014829265668316166	-9.457939741836855e-05	0.00017588625427295834
0.236707	3.982490571178247e-05	-8.294453917225572e-05	9.200988910682497e-05
0.236767	-0.00035996975444587705	-0.00012063563418263489	0.0003796461251619349
0.236827	2.869105199402336e-05	-0.00017553977368772841	0.00017786902094199164
0.236887	0.00017151974273788286	-1.633920948199629e-05	0.00017229623302720832
0.236947	0.0001731194044908928	0.00020235894533001604	0.00026630709897852473
0.237007	-0.0006783644124510616	0.000256039640118405	0.0007250755639187107
0.237067	-9.066492305914218e-05	-0.00040359922341365296	0.0004136574203533933
0.237127	0.00020395953977557821	-8.198925667775439e-05	0.00021982204638306042
0.237187	9.512668787835296e-05	0.00026945840889357604	0.0002857567512241193
0.237247	-0.0001769544141121905	-0.0003464540175423509	0.0003890285991351075
0.237307	-0.0003147749787892032	0.00021761652135982826	0.00038267510716075576
0.237367	0.0001864907636833504	3.078493644706603e-05	0.00018901459533922013
0.237427	0.00011494813973498527	0.00010208168557164997	0.00015373270750781341
0.237487	7.66436219523694e-05	0.00025163063353537203	0.00026304414176976155
0.237547	7.907640724251608e-05	-0.00031980083326513915	0.00032943231647709
0.237607	0.0001398143191021164	6.1010487461194145e-05	0.00015254613533695623
0.237667	-5.767156290620895e-05	-0.0002502007152068408	0.00025676138155505295
0.237727	3.62109955492039e-05	1.3066173488765508e-05	3.849624771718646e-05
0.237787	0.0002604996826837078	-0.000318342112451914	0.00041134144605018774
0.237847	-8.028078028603298e-05	7.152889344968583e-05	0.00010752388702735225
0.237907	8.105982635878957e-05	-0.00011702377644558087	0.00014235610174102972
0.237967	0.0001203672882351125	-1.7357971250037885e-05	0.00012161243046248108
0.238027	-0.0005495501084403808	-0.0003104537048144305	0.0006311789164094756
0.238087	0.00016457420282091638	-0.00039762944054067017	0.0004303415390347839
0.238147	3.5071639393277355e-05	-3.662581524701443e-05	5.070966606319271e-05
0.238207	0.00023783159218223297	-4.8327004337654286e-05	0.00024269191496254595
0.238267	0.0002534727939225148	0.00018807488162322932	0.00031562734095207497
0.238327	0.0002580281578388904	-0.00016970818828218977	0.00030883555398910034
0.238387	1.644449609775521e-05	4.634178620862627e-05	4.9172986495789634e-05
0.238447	-7.753200590078271e-06	0.0002833108689085505	0.0002834169376750583
0.238507	-2.3664451433380324e-05	-0.0001795030936493499	0.00018105625338918867
0.238567	2.5644233650129813e-05	-5.7169932684166086e-05	6.265802360922767e-05
0.238627	0.00027026606257986096	-0.00020523786468069105	0.0003393616443870918
0.238687	4.519427186369813e-05	-0.0001436365917385087	0.00015057885872706326
0.238747	1.8978692646162916e-05	2.7699297074134485e-05	3.3577400628379105e-05
0.238807	-0.00030822898864783283	-0.00023345973975532857	0.00038666336719359853
0.238867	0.00047458075362151496	0.0001730970938818997	0.0005051628406942897
0.238927	5.752055086598815e-05	-4.526529346029443e-06	5.769838160509527e-05
0.238987	-0.00024242826831305953	-0.0003466630989696779	0.0004230210035737345
0.239047	-0.0001093157693624327	-0.00023426588826707507	0.0002585158483282259
0.239107	-0.00028017152876490085	0.00011033869586637097	0.0003011157806159504
0.239167	-0.00012930337514717975	-6.366315693261289e-05	0.00014412619600571855
0.239227	-0.0002874207338768102	-0.0003717061161840454	0.0004698681890391296
0.239287	0.0002149743468360592	-0.0001100053168789984	0.000241485278100424
0.239347	0.00011030665550215571	-3.915753976807243e-05	0.0001170507204965413
0.239407	-5.9548139793075126e-05	-9.5553623543435e-05	0.00011258985711464471
0.239467	0.0001698005439487092	-0.00013398266074283766	0.0002162951180794607
0.239527	0.0005175821009486282	0.000376981300240292	0.0006403172119764212
0.239587	-2.0079009616876037e-05	-0.0001493980541179127	0.00015074131882603846
0.239647	-0.00027702099122428093	0.00022668148945394754	0.0003579457043183271
0.239707	-7.841104690027268e-05	0.00019117282761800427	0.0002066285127843201
0.239767	0.00016101384193616794	-2.437635445163992e-05	0.0001628485921075072
0.239827	-0.00020554423081863119	-8.300565521647454e-06	0.00020571176488184116
0.239887	0.0003198216168275289	-2.8249003284731245e-05	0.00032106677308116994
0.239947	0.0003038190486832663	-0.0003677518707381538	0.0004770193421384679
0.240007	9.766602686207535e-05	0.0003486814908560179	0.00036210141517066584
0.240067	-0.00010447123359450497	-0.00016820579826422037	0.00019800865945321993
0.240127	0.0002514527104223156	0.00019876384594079435	0.00032052384003675096
0.240187	-3.0412724205221582e-05	0.00014940785125817918	0.00015247176725928334
0.240247	7.449262312407475e-06	-0.00037057122696868694	0.00037064609233887404
0.240307	-0.0001750336521070251	-3.140522764482106e-05	0.0001778287594663645
0.240367	-0.0001845707588963122	0.00042508086210369447	0.0004634221664598929
0.240427	0.00025079558576965777	-0.0001422088126498016	0.0002883084671611504
0.240487	-0.0003758232392079067	0.0001808692444007028	0.0004170812758909283
0.240547	-5.909901146203839e-05	-0.00016138408537781795	0.0001718648194629284
0.240607	0.00031260041376402284	-0.00022494073223675324	0.000385119918602823
0.240667	-0.00027876955024616764	-0.0001403931362638798	0.0003121260880709251
0.240727	8.046068126575087e-05	-0.00019301485286892542	0.00020911397528085415
0.240787	0.00036295959559254235	-0.00023939476239977542	0.00043479825240811033
0.240847	-0.0002612516816162103	0.00018736774443701672	0.00032149512096253175
0.240907	-0.00014483623041546025	0.00016178684579406928	0.00021714630347522437
0.240967	0.00014749020860862995	-0.000350920980844094	0.0003806558766550152
0.241027	0.00015261239357113951	0.00021552757131415129	0.0002640883879841917
0.241087	-5.128081143293313e-06	0.00012903560363116304	0.000129137462498962
0.241147	-0.00012847261166285863	-0.00010234880015903272	0.00016425738595712917
0.241207	-0.00037605075810844874	0.0001568955831094813	0.0004074682768918375
0.241267	5.706809779417288e-05	-7.48808592687018e-05	9.414834502350217e-05
0.241327	-0.00018714759392030197	6.846798088961834e-05	0.00019927891588740487
0.241387	5.379903282403035e-05	0.00012628515639303564	0.00013726717254323615
0.241447	0.00027976615426690945	-0.0002971493528648629	0.0004081260087047908
0.241507	-0.000429135557728291	0.00018393841277816354	0.0004668947061191864
0.241567	-0.00013219234696497045	0.00031130837236772183	0.0003382125356966345
0.241627	-0.00012257112158099807	-0.0006347841512540682	0.0006465095502225559
0.241687	-7.942046659646666e-06	0.0001822362790751548	0.00018240925830752592
0.241747	-7.221980609546414e-05	0.0002270123282302092	0.00023822320953460156
0.241807	-0.00018032695072757929	-0.00013493934325596038	0.00022522529946046626
0.241867	0.00014709368654412347	-0.00030947615318767743	0.0003426544060901357
0.241927	-5.529098447017424e-05	-0.00011578960781331874	0.00012831339073239088
0.241987	-0.00018534295192472754	-8.723605152388806e-05	0.00020484662192394172
0.242047	-0.0003136568534344017	4.9560888147859e-06	0.00031369600654568394
0.242107	0.00021027311702360052	-0.00010436909028071952	0.00023475027316032196
0.242167	-0.00031002639512594566	-0.00017949466065435193	0.00035823832692526066
0.242227	8.753924853867757e-05	3.546503007198287e-05	9.445045469833913e-05
0.242287	0.0002559631306018538	0.0002503755598993069	0.00035805732114061443
0.242347	7.77702380649925e-05	0.00023415551759321498	0.0002467326819617377
0.242407	-7.56161135898524e-05	-2.9727156043875312e-05	8.124961809688937e-05
0.242467	-6.770127500600544e-05	0.000556311821671416	0.0005604161896026989
0.242527	-0.00011650267339030716	0.00019864551954131013	0.00023028876512093594
0.242587	6.235121661288912e-05	0.00011157423301986176	0.0001278142546317813
0.242647	-8.440784465108461e-05	-0.00015907517907825229	0.0001800821946707105
0.242707	-0.0002428824776628709	0.0002732070170518974	0.00036555980649142865
0.242767	2.2215044716180814e-05	0.00019434812690861093	0.00019561365659029906
0.242827	-3.581812361956802e-05	3.966766657892782e-05	5.344587684231258e-05
0.242887	0.0003896857085918875	0.00011069432581878194	0.00040510268482106624
0.242947	6.477481499907786e-05	-0.00020825966437426724	0.00021810058336338122
0.243007	-0.0003158365349780312	-9.559623621852325e-05	0.0003299869045978595
0.243067	0.0002583967134635391	-8.08947899717684e-05	0.00027076341808548446
0.243127	0.0001155715974986269	-0.00042053994439915495	0.0004361314469097923
0.243187	6.578997195426492e-05	-0.00010187609401994252	0.00012127266362417844
0.243247	0.0003251600371495636	-0.0001917717773395	0.00037749895939334237
0.243307	-5.2725034104559536e-05	-0.00016969925674036865	0.000177701342030837
0.243367	-0.00012182698469424572	0.00026760258472304123	0.00029402883795666103
0.243427	-9.888398737509452e-05	-8.610943402916906e-05	0.00013112161373328836
0.243487	-1.2418057947927248e-06	0.00010532316620449255	0.00010533048666445599
0.243547	-8.073360749023004e-05	0.0003480844045769051	0.00035732431779553583
0.243607	-2.8046216646712203e-06	-9.743250835468381e-06	1.0138877626483045e-05
0.243667	-0.00015420534345897294	-0.000253085212913666	0.0002963636498406231
0.243727	-3.545366785194518e-05	0.00018448717696477226	0.00018786293149151924
0.243787	-0.0005646092540052784	-0.00020181985761484725	0.0005995955842366371
0.243847	3.957815001901453e-05	0.00011486642060692018	0.00012149372223277018
0.243907	6.98584874711015e-05	-7.137725818591422e-05	9.987452757279357e-05
0.243967	8.120068747850343e-05	-0.0003597150698938625	0.00036876616324674904
0.244027	-0.00020100029738300552	8.996982649681193e-05	0.00022021736813413037
0.244087	-0.0004367041246569508	1.8792761692979285e-05	0.00043710829365781054
0.244147	0.0003225747765417295	-0.00041355085437809203	0.0005244795473779665
0.244207	0.0001158799350099811	-0.0005076111697589656	0.0005206700097009457
0.244267	7.061019756339146e-05	-0.00020758961227855101	0.00021926980440977346
0.244327	5.496645839316319e-05	0.00012383021449546963	0.00013548148792466577
0.244387	-4.4136657313728735e-05	-0.0003310465810655559	0.0003339758724129981
0.244447	-0.00011250401278225802	0.00011575403672236872	0.0001614191745414217
0.244507	0.00015494374035959259	0.00020775386533029687	0.00025917027460011687
0.244567	-0.00020639087014581676	4.931368953289767e-05	0.0002122004506472463
0.244627	-0.00017975598938741184	2.1801070230242225e-05	0.00018107319620482563
0.244687	-3.873462859075765e-05	-0.0002968177989830274	0.00029933455738553275
0.244747	-0.00020721893300142656	3.955764921379802e-06	0.0002072566869135057
0.244807	0.0003643684498977215	0.00010967183164263307	0.0003805158051076439
0.244867	-0.00017693515747217235	-0.00020312287555153744	0.00026937882715987127
0.244927	0.0002033529206784528	0.00014576943515200454	0.0002502021953800397
0.244987	-0.0002700487395262023	-0.000189357915906565	0.00032982228856790196
0.245047	-0.00019325655445953118	0.00012103538811622554	0.00022802995640488794
0.245107	-0.00015747491022545274	0.00012879810795117402	0.0002034386884599797
0.245167	6.116830883149222e-05	0.00012334225012553674	0.00013767669618107225
0.245227	-0.00014278215141969107	-7.266759560968551e-05	0.0001602102437914891
0.245287	-0.0002637673147089357	-0.0002659738935359124	0.0003745868502115572
0.245347	-3.611684003250417e-05	0.00031468824539529787	0.00031675403379263333
0.245407	0.00018911295699701667	-6.571231172147491e-05	0.00020020444154897205
0.245467	-0.0003381814981908328	-3.2384511168530105e-05	0.0003397285420482372
0.245527	-8.222409197920057e-05	0.00027713360842788136	0.00028907410507007076
0.245587	-9.38427956911374e-06	0.0002480521320412473	0.00024822958106003335
0.245647	0.00018196425928695444	8.485600997061327e-05	0.0002007773246310021
0.245707	-5.666303045188996e-05	0.00016696731514577418	0.0001763201161154906
0.245767	-3.456090082217363e-06	0.00014167186098357893	0.0001417140104337144
0.245827	-0.0001512034322116143	-5.450087970852903e-06	0.00015130162382295267
0.245887	0.00017713243232309956	-0.00039706567132211936	0.0004347839071575474
0.245947	-0.0003410895283040704	0.00024950494326805313	0.0004226047598334496
0.246007	0.000202102298973953	-2.982652075974618e-05	0.00020429136200825687
0.246067	-6.808142858833304e-05	-0.00019580438047790856	0.0002073027648946484
0.246127	-0.0005031723605191238	-0.0003245071020575014	0.0005987380760200112
0.246187	-0.0003378528564683094	-0.0001289054293950362	0.00036160912924221745
0.246247	0.00012427925679159136	-0.00018718250310571135	0.00022468338420450663
0.246307	0.0002797826505062199	-0.0003611586039498412	0.00045685213005006755
0.246367	0.0001614742968075267	0.00011876272204234563	0.00020044583476937775
0.246427	-0.00037044511786543265	-0.00010723350380912674	0.0003856534839587428
0.246487	-0.00013993264441119872	3.3678589012517774e-05	0.00014392842780279743
0.246547	-4.103297789578817e-05	0.000136868278974554	0.00014288677708050026
0.246607	0.0001497788396389198	0.0002708027621827867	0.00030946378917315705
0.246667	-4.9666839860118824e-05	-0.00014409072784390305	0.00015241040919922898
0.246727	0.0004633527623061651	-5.7472805241949286e-05	0.0004669035293067858
0.246787	9.653863350836327e-05	-5.315078679746159e-05	0.00011020305756580122
0.246847	0.00011631414407933593	0.00011373437885466443	0.00016267909836965798
0.246907	3.365474200999692e-05	3.459102355198665e-05	4.826158482824147e-05
0.246967	0.00014421598671302433	-0.0002611693656006007	0.00029834156323219773
0.247027	-0.0002719406256142479	-4.543495516387024e-06	0.00027197857858841744
0.247087	-0.0001324198891169995	0.0001734725117365549	0.00021823780461218816
0.247147	-7.260151054978934e-05	-2.7436199747844997e-05	7.761265612459623e-05
0.247207	2.7813465140574996e-05	0.00012690411869779514	0.00012991629684373727
0.247267	-0.00040962635399545747	9.249814515556648e-05	0.000419940063276692
0.247327	-0.0001333520345833138	7.708013389171864e-05	0.00015402633595679212
0.247387	-0.00012546877744273253	3.728731863941511e-05	0.0001308921626541911
0.247447	7.531218310870866e-07	0.00021855565551462852	0.0002185569531035822
0.247507	3.2947208899054815e-06	-0.00036040625010225126	0.00036042130944008964
0.247567	-0.0005377883059546659	-0.00018981163416928508	0.0005703023044733415
0.247627	0.00031788494213141324	0.00012795748615150539	0.0003426717885909265
0.247687	-0.00014761690183104473	0.00013956637577942834	0.00020314901662179144
0.247747	-7.949538440938103e-05	-8.908861747368234e-05	0.00011939973997361704
0.247807	-0.0001583304005964819	-0.0001546815300710767	0.00022134789698158834
0.247867	-2.6316731717204822e-05	0.00012115740216344369	0.00012398260550282756
0.247927	-0.000135161638478105	0.00010912123265040637	0.0001737127281785364
0.247987	0.00011646641602917402	-9.744761268028939e-05	0.0001518567195739732
0.248047	8.365786529889753e-05	3.920456280774298e-05	9.238850670573017e-05
0.248107	-9.96048885086632e-05	0.00016161256135312213	0.0001898413911715248
0.248167	-0.00014710076921435212	-0.00043308195083012545	0.00045738234819271424
0.248227	-0.00016466706964546327	-8.098622603279932e-05	0.00018350480275093487
0.248287	-0.0002822872336013224	-0.0001661173273401363	0.00032753785841779814
0.248347	-0.0003779332724784272	6.371306426445411e-05	0.00038326611251742506
0.248407	0.00025104059065079174	-0.00016606498015992672	0.00030099660428286435
0.248467	-1.2679085574568636e-05	5.7270837953439545e-05	5.8657549308647096e-05
0.248527	-0.0004134815818893015	0.0003272446329859904	0.0005273102202497261
0.248587	-0.00010665564398945404	-1.259452819649389e-05	0.0001073966877296383
0.248647	-0.00014980992985656378	-0.00014849912335823488	0.0002109383908201464
0.248707	-3.890843326720704e-07	0.00020911893005551646	0.000209119292018173
0.248767	0.00010684801806188634	0.0001862151031367553	0.0002146917874535158
0.248827	0.00024299539440913187	1.3704362175744381e-05	0.00024338153431740364
0.248887	-0.00022396359897121438	0.0001962702640850979	0.00029779474513189953
0.248947	8.813622187887906e-06	-0.0002480877403919229	0.00024824424841039317
0.249007	0.00014102894735437715	-0.0001758903602121963	0.00022544751674715747
0.249067	-8.807012605091079e-05	-2.9966834778674185e-05	9.302880354640531e-05
0.249127	6.164836019862004e-05	0.0003470940383101767	0.00035252629936735955
0.249187	0.00014978121263731426	0.00019633976032462034	0.00024694880672607774
0.249247	4.762913655992071e-05	0.000294130217065763	0.0002979616069908948
0.249307	0.000207954022802126	8.503360055179412e-05	0.00022466772981981464
0.249367	0.0004131024859739982	-0.00030629968617106675	0.0005142695418420104
0.249427	0.00014141059193110373	-0.00021135473290464618	0.0002542986013164435
0.249487	0.00020663611414819811	0.0001325092048128775	0.00024547336521587893
0.249547	0.00010599504441994425	-0.00011873495090371623	0.00015916324326833083
0.249607	8.11159720061788e-05	-0.00023595870187942376	0.00024951214380692965
0.249667	-6.64786244729476e-05	0.00011230499403444441	0.00013050601211013913
0.249727	0.0004199072204981321	-7.964682528639814e-06	0.00041998274963889757
0.249787	-0.00010121061090603682	0.00016175163119806416	0.00019080665071010428
0.249847	-2.875054890755774e-05	-4.62168275777922e-05	5.442967218201156e-05
0.249907	0.0002337624441105624	-5.839096664590228e-05	0.00024094477637497493
0.249967	-1.8664918752407076e-05	0.00011196201693281237	0.00011350714703355609
0.250027	0.0001225709624992748	0.00016927711478111158	0.0002089937377928254
